% Time (s)	Gyro Output (rads/s)	Input Rate (RPM)	%1/25/201910:53 AM
0.000	0.000	0.000
3924.540	-0.080	0.293
3924.570	-0.180	1.172
3924.600	-0.270	2.124
3924.630	-0.350	3.223
3924.660	-0.420	3.882
3924.690	-0.490	4.614
3924.720	-0.550	5.420
3924.750	-0.610	5.786
3924.780	-0.660	6.738
3924.810	-0.700	7.104
3924.840	-0.740	7.764
3924.870	-0.760	7.764
3924.900	-0.790	8.569
3924.930	-0.820	8.789
3924.990	-0.830	9.009
3925.020	-0.840	9.082
3925.080	-0.830	8.862
3925.110	-0.820	8.936
3925.140	-0.800	8.862
3925.170	-0.770	8.716
3925.200	-0.730	8.203
3925.230	-0.690	7.910
3925.260	-0.640	7.104
3925.290	-0.570	6.738
3925.320	-0.500	5.933
3925.350	-0.420	4.980
3925.380	-0.350	4.248
3925.410	-0.270	3.296
3925.440	-0.200	2.710
3925.470	-0.110	1.685
3925.500	-0.020	0.732
3925.530	0.070	-0.146
3925.560	0.160	-1.099
3925.590	0.240	-2.344
3925.620	0.320	-3.076
3925.650	0.410	-4.102
3925.680	0.490	-5.054
3925.710	0.590	-5.859
3925.740	0.690	-7.251
3925.770	0.800	-8.350
3925.800	0.900	-9.448
3925.830	1.000	-10.840
3925.860	1.120	-11.792
3925.890	1.230	-12.671
3925.920	1.310	-14.136
3925.950	1.450	-15.454
3925.980	1.550	-16.992
3926.010	1.700	-18.164
3926.040	1.800	-19.482
3926.070	1.960	-20.947
3926.100	2.080	-22.266
3926.130	2.230	-23.584
3926.160	2.310	-25.049
3926.190	2.460	-26.221
3926.220	2.580	-27.905
3926.250	2.680	-29.517
3926.280	2.820	-30.688
3926.310	2.960	-32.080
3926.340	3.100	-33.984
3926.370	3.190	-35.010
3926.400	3.350	-36.255
3926.430	3.500	-37.939
3926.460	3.610	-39.331
3926.490	3.710	-40.503
3926.520	3.850	-41.968
3926.550	4.000	-43.433
3926.580	4.080	-44.751
3926.610	4.210	-46.069
3926.640	4.350	-47.607
3926.670	4.440	-48.779
3926.700	4.570	-50.391
3926.730	4.720	-51.416
3926.760	4.760	-52.661
3926.790	4.910	-53.979
3926.820	5.050	-55.371
3926.850	5.060	-56.470
3926.880	5.210	-57.422
3926.910	5.340	-58.813
3926.940	5.410	-59.766
3926.970	5.470	-60.718
3927.000	5.530	-61.377
3927.030	5.590	-62.622
3927.060	5.650	-63.281
3927.090	5.740	-64.160
3927.120	5.810	-64.600
3927.150	5.840	-65.259
3927.180	5.880	-65.625
3927.210	5.900	-66.138
3927.270	5.910	-66.577
3927.300	5.930	-67.017
3927.330	5.960	-66.870
3927.360	5.930	-67.236
3927.390	5.940	-67.456
3927.420	5.960	-67.017
3927.450	5.980	-67.017
3927.480	6.000	-66.504
3927.510	5.980	-66.431
3927.540	5.930	-65.918
3927.570	5.910	-65.698
3927.600	5.870	-64.893
3927.630	5.820	-64.673
3927.660	5.750	-64.087
3927.690	5.680	-63.501
3927.720	5.600	-62.915
3927.750	5.520	-62.109
3927.780	5.510	-61.450
3927.810	5.430	-60.937
3927.840	5.330	-60.205
3927.870	5.230	-58.960
3927.900	5.100	-57.788
3927.930	4.970	-57.275
3927.960	4.870	-55.737
3927.990	4.790	-54.639
3928.020	4.670	-53.687
3928.050	4.510	-52.075
3928.080	4.440	-50.391
3928.110	4.280	-49.072
3928.140	4.100	-47.388
3928.170	4.000	-46.143
3928.200	3.780	-44.312
3928.230	3.680	-42.554
3928.260	3.530	-40.503
3928.290	3.300	-38.525
3928.320	3.160	-36.621
3928.350	2.990	-34.717
3928.380	2.770	-32.812
3928.410	2.570	-30.762
3928.440	2.370	-28.711
3928.470	2.180	-26.514
3928.500	2.020	-24.390
3928.530	1.830	-22.339
3928.560	1.640	-19.849
3928.590	1.430	-17.871
3928.620	1.190	-15.674
3928.650	0.970	-13.184
3928.680	0.800	-10.986
3928.710	0.570	-8.643
3928.740	0.390	-6.299
3928.770	0.170	-3.735
3928.800	-0.030	-0.806
3928.830	-0.240	1.465
3928.860	-0.460	2.856
3928.890	-0.640	5.127
3928.920	-0.810	7.104
3928.950	-1.010	9.302
3928.980	-1.170	11.133
3929.010	-1.320	13.037
3929.040	-1.480	15.015
3929.070	-1.630	16.553
3929.100	-1.790	18.091
3929.130	-1.940	19.849
3929.160	-2.070	21.460
3929.190	-2.190	23.071
3929.220	-2.340	24.902
3929.250	-2.470	25.854
3929.280	-2.600	27.686
3929.310	-2.720	28.857
3929.340	-2.850	30.249
3929.370	-2.960	31.348
3929.400	-3.100	33.032
3929.430	-3.150	33.911
3929.460	-3.280	35.376
3929.490	-3.380	36.694
3929.520	-3.450	37.646
3929.550	-3.570	38.965
3929.580	-3.620	39.551
3929.610	-3.690	40.430
3929.640	-3.790	41.235
3929.670	-3.830	41.968
3929.700	-3.890	42.847
3929.730	-3.930	42.993
3929.760	-3.970	43.872
3929.790	-4.000	43.726
3929.820	-4.010	44.238
3929.850	-4.040	44.458
3929.880	-4.060	44.897
3929.910	-4.040	45.190
3929.940	-4.050	45.044
3930.000	-4.040	44.751
3930.030	-4.010	44.531
3930.060	-4.000	44.385
3930.090	-3.970	44.092
3930.120	-3.940	44.019
3930.150	-3.880	43.213
3930.180	-3.840	42.700
3930.210	-3.790	42.187
3930.240	-3.720	41.309
3930.270	-3.660	40.942
3930.300	-3.580	40.283
3930.330	-3.510	39.331
3930.360	-3.440	38.379
3930.390	-3.380	37.793
3930.420	-3.280	36.694
3930.450	-3.170	35.815
3930.480	-3.070	34.717
3930.510	-2.970	33.325
3930.540	-2.850	32.593
3930.570	-2.710	30.981
3930.600	-2.600	29.736
3930.630	-2.490	28.418
3930.660	-2.330	26.660
3930.690	-2.200	25.635
3930.720	-2.070	23.730
3930.750	-1.910	22.192
3930.780	-1.750	20.654
3930.810	-1.570	18.823
3930.840	-1.390	16.992
3930.870	-1.300	15.454
3930.900	-1.130	13.623
3930.930	-0.970	12.158
3930.960	-0.800	10.181
3930.990	-0.640	8.130
3931.020	-0.480	6.519
3931.050	-0.320	4.834
3931.080	-0.200	2.930
3931.110	-0.040	1.245
3931.140	0.100	-0.073
3931.170	0.250	-1.538
3931.200	0.410	-3.296
3931.230	0.550	-5.054
3931.260	0.690	-6.665
3931.290	0.850	-8.130
3931.320	0.950	-9.741
3931.350	1.100	-11.426
3931.380	1.220	-12.744
3931.410	1.360	-14.355
3931.440	1.510	-15.967
3931.470	1.630	-17.212
3931.500	1.750	-18.750
3931.530	1.910	-20.361
3931.560	2.030	-21.606
3931.590	2.140	-22.998
3931.620	2.260	-24.390
3931.650	2.380	-25.488
3931.680	2.520	-26.953
3931.710	2.620	-28.125
3931.740	2.730	-29.590
3931.770	2.830	-30.762
3931.800	2.900	-31.641
3931.830	2.990	-33.105
3931.860	3.110	-33.984
3931.890	3.220	-35.083
3931.920	3.270	-36.108
3931.950	3.380	-36.694
3931.980	3.460	-37.793
3932.010	3.520	-38.525
3932.040	3.620	-39.185
3932.070	3.640	-40.649
3932.100	3.750	-40.723
3932.160	3.880	-42.407
3932.190	3.860	-43.359
3932.220	3.960	-43.652
3932.250	3.970	-44.165
3932.280	4.030	-44.385
3932.370	4.110	-45.483
3932.400	4.070	-45.630
3932.460	4.120	-45.996
3932.490	4.050	-45.996
3932.520	4.090	-45.483
3932.550	4.010	-45.190
3932.580	3.990	-44.897
3932.610	4.000	-44.824
3932.640	3.880	-44.238
3932.700	3.800	-42.993
3932.730	3.780	-42.627
3932.760	3.660	-41.821
3932.790	3.610	-41.162
3932.820	3.500	-40.137
3932.850	3.430	-39.038
3932.880	3.310	-38.306
3932.910	3.240	-37.134
3932.940	3.080	-35.889
3932.970	3.000	-34.424
3933.000	2.920	-33.472
3933.030	2.750	-32.153
3933.060	2.600	-30.615
3933.090	2.500	-29.370
3933.120	2.360	-27.612
3933.150	2.200	-26.074
3933.180	2.040	-24.316
3933.210	1.910	-22.705
3933.240	1.740	-20.947
3933.270	1.580	-18.970
3933.300	1.400	-17.139
3933.330	1.220	-15.527
3933.360	1.020	-13.257
3933.390	0.830	-11.060
3933.420	0.670	-9.229
3933.450	0.470	-7.178
3933.480	0.280	-4.907
3933.510	0.130	-3.003
3933.540	-0.090	-0.879
3933.570	-0.280	0.879
3933.600	-0.460	2.930
3933.630	-0.640	5.054
3933.660	-0.820	7.251
3933.690	-0.990	9.229
3933.720	-1.170	10.986
3933.750	-1.340	13.110
3933.780	-1.530	15.747
3933.810	-1.690	16.919
3933.840	-1.850	18.823
3933.870	-2.010	20.728
3933.900	-2.170	22.559
3933.930	-2.320	24.097
3933.960	-2.480	25.854
3933.990	-2.610	27.466
3934.020	-2.770	29.443
3934.050	-2.920	30.835
3934.080	-3.080	32.520
3934.110	-3.200	34.131
3934.140	-3.410	35.596
3934.170	-3.450	37.134
3934.200	-3.630	38.892
3934.230	-3.750	39.917
3934.260	-3.850	41.602
3934.290	-4.010	42.993
3934.320	-4.100	44.897
3934.350	-4.220	45.703
3934.380	-4.330	46.948
3934.410	-4.420	48.340
3934.440	-4.540	49.072
3934.470	-4.620	50.684
3934.500	-4.700	51.196
3934.530	-4.770	52.075
3934.560	-4.820	52.954
3934.590	-4.900	53.540
3934.620	-4.950	54.492
3934.650	-5.020	54.932
3934.680	-5.080	55.884
3934.710	-5.120	56.250
3934.740	-5.130	56.470
3934.770	-5.180	57.129
3934.800	-5.230	57.568
3934.830	-5.210	57.275
3934.860	-5.230	57.861
3934.890	-5.270	57.935
3934.950	-5.240	57.861
3934.980	-5.280	57.861
3935.010	-5.260	58.154
3935.040	-5.210	57.861
3935.070	-5.240	58.081
3935.100	-5.220	58.008
3935.130	-5.150	57.202
3935.160	-5.110	57.349
3935.190	-5.100	56.982
3935.220	-5.030	56.104
3935.250	-4.950	55.518
3935.280	-4.900	55.078
3935.310	-4.850	53.906
3935.340	-4.780	53.320
3935.370	-4.680	52.441
3935.400	-4.570	51.562
3935.430	-4.470	50.171
3935.460	-4.360	49.292
3935.490	-4.250	48.120
3935.520	-4.130	46.948
3935.550	-4.010	45.703
3935.580	-3.880	44.385
3935.610	-3.750	42.920
3935.640	-3.610	41.455
3935.670	-3.470	39.185
3935.700	-3.310	37.866
3935.730	-3.130	36.328
3935.760	-2.970	34.497
3935.790	-2.840	32.666
3935.820	-2.620	30.762
3935.850	-2.480	28.857
3935.880	-2.290	27.026
3935.910	-2.100	24.829
3935.940	-1.900	22.705
3935.970	-1.730	20.581
3936.000	-1.550	18.457
3936.030	-1.360	16.699
3936.060	-1.180	14.355
3936.090	-1.010	12.231
3936.120	-0.800	10.254
3936.150	-0.620	8.569
3936.180	-0.450	6.079
3936.210	-0.290	4.395
3936.240	-0.120	2.637
3936.270	0.040	1.025
3936.300	0.190	-1.172
3936.330	0.350	-2.710
3936.360	0.510	-4.468
3936.390	0.680	-6.006
3936.420	0.830	-8.350
3936.450	0.990	-9.741
3936.480	1.110	-11.353
3936.510	1.270	-13.110
3936.540	1.390	-14.648
3936.570	1.540	-16.187
3936.600	1.690	-17.871
3936.630	1.800	-19.116
3936.660	1.910	-20.728
3936.690	2.070	-22.119
3936.720	2.220	-23.657
3936.750	2.320	-25.122
3936.780	2.430	-26.294
3936.810	2.580	-27.759
3936.840	2.690	-28.857
3936.870	2.770	-30.249
3936.900	2.890	-31.274
3936.930	2.970	-32.520
3936.960	3.050	-33.398
3936.990	3.120	-34.863
3937.020	3.220	-35.522
3937.050	3.330	-36.475
3937.080	3.360	-37.427
3937.110	3.410	-38.086
3937.140	3.530	-38.892
3937.200	3.570	-39.771
3937.230	3.650	-40.576
3937.320	3.720	-41.309
3937.350	3.700	-41.309
3937.380	3.750	-41.675
3937.410	3.690	-41.528
3937.440	3.730	-41.675
3937.470	3.720	-41.748
3937.500	3.650	-41.455
3937.530	3.660	-41.089
3937.560	3.580	-40.869
3937.590	3.590	-40.576
3937.620	3.550	-40.210
3937.650	3.460	-39.111
3937.680	3.440	-38.672
3937.710	3.390	-38.013
3937.740	3.270	-37.134
3937.770	3.220	-36.475
3937.800	3.120	-35.889
3937.830	3.030	-35.010
3937.860	2.960	-33.691
3937.890	2.880	-32.886
3937.920	2.790	-31.714
3937.950	2.670	-30.615
3937.980	2.530	-29.150
3938.010	2.410	-27.979
3938.040	2.290	-26.807
3938.070	2.160	-25.342
3938.100	2.030	-23.950
3938.130	1.900	-22.339
3938.160	1.760	-20.874
3938.190	1.590	-19.263
3938.220	1.490	-17.432
3938.250	1.330	-16.040
3938.280	1.130	-14.355
3938.310	0.970	-12.598
3938.340	0.830	-10.767
3938.370	0.640	-8.789
3938.400	0.470	-6.665
3938.430	0.290	-4.761
3938.460	0.140	-2.710
3938.490	-0.090	-0.952
3938.520	-0.250	0.879
3938.550	-0.400	2.783
3938.580	-0.560	4.761
3938.610	-0.720	7.251
3938.640	-0.910	8.716
3938.670	-1.070	10.620
3938.700	-1.230	12.231
3938.730	-1.390	13.916
3938.760	-1.530	15.674
3938.790	-1.680	17.065
3938.820	-1.830	18.896
3938.850	-1.950	20.435
3938.880	-2.120	22.192
3938.910	-2.250	23.730
3938.940	-2.410	25.342
3938.970	-2.570	26.733
3939.000	-2.690	28.564
3939.030	-2.850	30.249
3939.060	-2.960	31.641
3939.090	-3.110	33.252
3939.120	-3.250	34.644
3939.150	-3.390	36.255
3939.180	-3.530	37.866
3939.210	-3.620	39.331
3939.240	-3.770	40.649
3939.270	-3.910	41.895
3939.300	-3.990	43.433
3939.330	-4.120	44.678
3939.360	-4.240	45.996
3939.390	-4.350	47.607
3939.420	-4.440	48.853
3939.450	-4.560	50.171
3939.480	-4.680	50.757
3939.510	-4.750	51.855
3939.540	-4.810	52.808
3939.570	-4.880	53.687
3939.600	-4.990	54.492
3939.630	-5.050	55.371
3939.660	-5.070	56.030
3939.690	-5.180	56.616
3939.750	-5.240	57.495
3939.780	-5.300	58.228
3939.810	-5.270	58.887
3939.840	-5.340	59.106
3939.870	-5.310	59.033
3939.900	-5.340	59.106
3939.930	-5.320	59.326
3939.990	-5.300	58.887
3940.020	-5.260	58.521
3940.050	-5.290	58.447
3940.080	-5.190	58.228
3940.110	-5.220	57.568
3940.140	-5.120	57.422
3940.170	-5.110	56.689
3940.200	-5.030	56.030
3940.230	-4.970	55.518
3940.260	-4.950	55.005
3940.290	-4.840	54.126
3940.320	-4.760	53.540
3940.350	-4.720	52.661
3940.380	-4.600	51.489
3940.410	-4.510	50.684
3940.440	-4.440	49.731
3940.470	-4.330	48.706
3940.500	-4.240	47.607
3940.530	-4.090	45.850
3940.560	-3.960	44.824
3940.590	-3.840	43.286
3940.620	-3.710	42.114
3940.650	-3.570	40.723
3940.680	-3.430	39.038
3940.710	-3.270	37.280
3940.740	-3.140	35.669
3940.770	-2.990	34.131
3940.800	-2.830	32.446
3940.830	-2.650	30.615
3940.860	-2.480	28.638
3940.890	-2.300	26.733
3940.920	-2.120	24.829
3940.950	-1.950	22.412
3940.980	-1.770	20.728
3941.010	-1.590	18.750
3941.040	-1.390	16.699
3941.070	-1.210	14.502
3941.100	-1.010	12.891
3941.130	-0.830	10.620
3941.160	-0.650	8.276
3941.190	-0.470	6.372
3941.220	-0.300	4.321
3941.250	-0.140	2.271
3941.280	0.040	0.513
3941.310	0.190	-0.952
3941.340	0.340	-2.563
3941.370	0.500	-4.541
3941.400	0.650	-6.299
3941.430	0.780	-7.837
3941.460	0.940	-9.668
3941.490	1.070	-11.353
3941.520	1.210	-12.598
3941.550	1.340	-14.429
3941.580	1.490	-15.967
3941.610	1.590	-17.285
3941.640	1.750	-18.311
3941.670	1.850	-19.775
3941.700	1.980	-21.387
3941.730	2.120	-22.632
3941.760	2.220	-24.390
3941.790	2.340	-25.635
3941.820	2.460	-26.733
3941.850	2.550	-27.686
3941.880	2.660	-28.784
3941.910	2.720	-29.956
3941.940	2.810	-30.615
3941.970	2.900	-31.641
3942.000	2.980	-32.666
3942.030	3.070	-33.398
3942.060	3.110	-34.497
3942.090	3.140	-35.083
3942.120	3.220	-35.815
3942.150	3.280	-36.548
3942.180	3.340	-36.694
3942.240	3.370	-37.793
3942.270	3.440	-38.086
3942.300	3.450	-38.306
3942.330	3.430	-38.599
3942.360	3.490	-38.965
3942.420	3.440	-38.965
3942.450	3.460	-38.965
3942.480	3.470	-38.892
3942.510	3.400	-38.745
3942.540	3.410	-38.159
3942.570	3.400	-37.866
3942.600	3.320	-37.500
3942.630	3.290	-37.207
3942.660	3.280	-36.548
3942.690	3.220	-36.548
3942.720	3.130	-35.669
3942.750	3.100	-35.010
3942.780	3.060	-34.570
3942.810	2.950	-33.691
3942.840	2.810	-32.886
3942.870	2.770	-31.787
3942.900	2.700	-30.908
3942.930	2.610	-30.029
3942.960	2.510	-28.784
3942.990	2.410	-27.905
3943.020	2.300	-26.587
3943.050	2.180	-25.562
3943.080	2.060	-24.170
3943.110	1.920	-22.852
3943.140	1.780	-21.240
3943.170	1.650	-19.409
3943.200	1.530	-17.944
3943.230	1.360	-16.553
3943.260	1.180	-14.795
3943.290	1.060	-12.891
3943.320	0.900	-11.133
3943.350	0.710	-9.668
3943.380	0.580	-7.690
3943.410	0.400	-6.006
3943.440	0.230	-4.248
3943.470	0.050	-2.271
3943.500	-0.130	-0.439
3943.530	-0.290	1.611
3943.560	-0.440	3.296
3943.590	-0.600	5.273
3943.620	-0.760	6.885
3943.650	-0.920	8.862
3943.680	-1.070	10.547
3943.710	-1.220	12.231
3943.740	-1.360	13.623
3943.770	-1.510	15.454
3943.800	-1.650	16.919
3943.830	-1.780	18.530
3943.860	-1.930	20.215
3943.890	-2.080	21.606
3943.920	-2.210	23.437
3943.950	-2.380	25.195
3943.980	-2.500	26.660
3944.010	-2.640	27.979
3944.040	-2.770	29.663
3944.070	-2.890	31.128
3944.100	-3.040	32.520
3944.130	-3.160	33.984
3944.160	-3.280	35.156
3944.190	-3.430	36.694
3944.220	-3.550	37.939
3944.250	-3.670	39.404
3944.280	-3.750	40.649
3944.310	-3.880	41.821
3944.340	-4.010	42.847
3944.370	-4.100	44.165
3944.400	-4.210	45.483
3944.430	-4.290	46.509
3944.460	-4.370	47.534
3944.490	-4.540	48.633
3944.520	-4.590	49.805
3944.550	-4.640	51.050
3944.580	-4.720	51.855
3944.610	-4.830	52.734
3944.640	-4.850	53.101
3944.670	-4.950	54.419
3944.700	-4.970	54.785
3944.730	-5.020	55.591
3944.760	-5.100	56.030
3944.790	-5.090	56.396
3944.820	-5.170	56.763
3944.850	-5.150	57.275
3944.880	-5.200	57.129
3944.910	-5.190	57.861
3944.940	-5.200	57.861
3944.970	-5.170	57.275
3945.000	-5.210	57.495
3945.030	-5.150	57.715
3945.090	-5.100	56.763
3945.120	-5.050	56.250
3945.150	-5.020	55.957
3945.180	-4.940	55.298
3945.210	-4.880	54.858
3945.240	-4.860	53.833
3945.270	-4.730	53.467
3945.300	-4.700	52.295
3945.330	-4.560	51.416
3945.360	-4.510	50.244
3945.390	-4.420	49.219
3945.420	-4.270	47.974
3945.450	-4.190	46.948
3945.480	-4.110	45.850
3945.510	-3.980	44.531
3945.540	-3.830	43.433
3945.570	-3.710	42.041
3945.600	-3.590	40.576
3945.630	-3.460	39.185
3945.660	-3.320	37.500
3945.690	-3.180	36.182
3945.720	-3.030	34.424
3945.750	-2.860	32.739
3945.780	-2.700	30.835
3945.810	-2.550	29.297
3945.840	-2.390	27.539
3945.870	-2.200	25.635
3945.900	-2.030	23.877
3945.930	-1.890	21.973
3945.960	-1.680	20.068
3945.990	-1.510	18.164
3946.020	-1.320	15.747
3946.050	-1.140	13.843
3946.080	-0.940	11.719
3946.110	-0.740	9.741
3946.140	-0.610	8.057
3946.170	-0.430	5.566
3946.200	-0.250	3.662
3946.230	-0.080	1.758
3946.260	0.090	0.146
3946.290	0.240	-1.245
