% Time (s)	Gyro Output (rads/s)	Input Rate (RPM)	%1/25/201910:55 AM
0.000	0.000	0.000
4024.140	-0.050	0.146
4024.170	-0.100	0.439
4024.200	-0.130	0.952
4024.230	-0.160	1.538
4024.260	-0.180	1.758
4024.290	-0.200	1.831
4024.320	-0.210	1.904
4024.410	-0.200	1.904
4024.440	-0.170	1.465
4024.470	-0.130	1.465
4024.500	-0.090	1.318
4024.530	-0.050	0.806
4024.590	0.040	-0.513
4024.620	0.090	-1.099
4024.650	0.130	-1.465
4024.680	0.170	-1.685
4024.710	0.220	-2.197
4024.740	0.260	-2.563
4024.770	0.290	-3.369
4024.800	0.330	-3.662
4024.830	0.370	-4.175
4024.860	0.410	-4.614
4024.890	0.450	-4.980
4024.920	0.470	-5.347
4024.950	0.480	-5.493
4024.980	0.490	-5.347
4025.070	0.470	-5.420
4025.100	0.450	-5.273
4025.130	0.420	-5.127
4025.160	0.380	-4.761
4025.190	0.330	-4.321
4025.220	0.270	-3.809
4025.250	0.200	-2.856
4025.280	0.120	-2.197
4025.310	0.030	-1.245
4025.340	-0.050	-0.439
4025.370	-0.140	0.513
4025.400	-0.230	1.465
4025.430	-0.320	2.563
4025.460	-0.370	3.223
4025.490	-0.430	4.248
4025.520	-0.490	4.687
4025.550	-0.530	5.127
4025.580	-0.570	5.566
4025.610	-0.600	6.226
4025.640	-0.640	6.812
4025.670	-0.680	6.958
4025.700	-0.690	7.178
4025.760	-0.680	7.397
4025.790	-0.670	7.544
4025.850	-0.650	7.178
4025.880	-0.610	6.738
4025.910	-0.560	6.592
4025.940	-0.520	6.006
4025.970	-0.450	5.127
4026.000	-0.390	4.541
4026.030	-0.320	3.809
4026.060	-0.240	3.076
4026.090	-0.160	2.344
4026.120	-0.100	1.465
4026.150	-0.040	0.879
4026.180	0.010	0.073
4026.210	0.060	-0.659
4026.240	0.120	-1.172
4026.270	0.150	-1.611
4026.300	0.190	-2.124
4026.330	0.230	-2.490
4026.360	0.240	-2.710
4026.390	0.250	-3.003
4026.420	0.260	-2.856
4026.450	0.270	-3.296
4026.510	0.260	-3.076
4026.540	0.230	-3.149
4026.570	0.200	-2.563
4026.600	0.150	-2.271
4026.630	0.100	-1.758
4026.660	0.040	-1.099
4026.690	-0.040	-0.439
4026.720	-0.110	0.366
4026.750	-0.190	1.172
4026.780	-0.270	2.197
4026.810	-0.350	2.856
4026.840	-0.410	3.882
4026.870	-0.450	4.321
4026.900	-0.500	4.907
4026.930	-0.560	5.640
4026.960	-0.610	6.299
4026.990	-0.660	6.812
4027.020	-0.690	7.251
4027.050	-0.730	7.764
4027.080	-0.760	8.203
4027.110	-0.770	8.423
4027.140	-0.790	8.569
4027.200	-0.780	8.496
4027.230	-0.770	8.276
4027.260	-0.750	8.057
4027.290	-0.720	7.690
4027.320	-0.670	7.471
4027.350	-0.620	7.031
4027.380	-0.540	6.299
4027.410	-0.470	5.347
4027.440	-0.410	4.761
4027.470	-0.330	4.102
4027.500	-0.260	3.149
4027.530	-0.180	2.637
4027.560	-0.100	1.685
4027.590	-0.060	0.952
4027.620	-0.010	0.293
4027.650	0.040	-0.439
4027.680	0.090	-0.952
4027.710	0.130	-1.465
4027.740	0.160	-1.758
4027.770	0.180	-2.271
4027.800	0.200	-2.490
4027.830	0.220	-2.490
4027.920	0.200	-2.637
4027.950	0.190	-2.637
4027.980	0.180	-2.417
4028.010	0.150	-2.124
4028.040	0.110	-1.318
4028.070	0.060	-1.025
4028.100	0.010	-0.659
4028.130	-0.040	-0.146
4028.160	-0.110	0.366
4028.190	-0.180	0.879
4028.220	-0.240	1.611
4028.250	-0.290	2.417
4028.280	-0.330	3.076
4028.310	-0.380	3.882
4028.340	-0.440	4.102
4028.370	-0.490	4.834
4028.400	-0.550	5.347
4028.430	-0.600	6.299
4028.460	-0.630	6.592
4028.490	-0.660	6.812
4028.520	-0.680	7.251
4028.550	-0.700	7.544
4028.640	-0.690	7.764
4028.670	-0.660	7.251
4028.700	-0.630	7.178
4028.730	-0.600	6.592
4028.760	-0.560	6.372
4028.790	-0.510	5.640
4028.820	-0.440	4.980
4028.850	-0.370	4.321
4028.880	-0.280	3.589
4028.910	-0.190	2.563
4028.940	-0.110	1.904
4028.970	-0.020	0.806
4029.000	0.040	-0.073
4029.030	0.110	-1.025
4029.060	0.180	-1.904
4029.090	0.240	-2.490
4029.120	0.290	-3.076
4029.150	0.340	-3.369
4029.180	0.380	-4.248
4029.210	0.420	-4.468
4029.240	0.430	-4.761
4029.390	0.410	-4.907
4029.420	0.380	-4.761
4029.450	0.340	-4.175
4029.480	0.290	-3.955
4029.510	0.200	-3.076
4029.540	0.130	-2.271
4029.570	0.060	-1.172
4029.600	-0.020	-0.586
4029.630	-0.090	0.000
4029.660	-0.150	0.659
4029.690	-0.210	1.465
4029.720	-0.270	2.344
4029.750	-0.330	3.003
4029.780	-0.390	3.809
4029.810	-0.440	4.102
4029.840	-0.480	4.761
4029.870	-0.510	5.054
4029.900	-0.540	5.786
4029.930	-0.560	5.859
4029.960	-0.590	5.713
4029.990	-0.600	6.372
4030.050	-0.590	6.445
4030.080	-0.560	6.152
4030.110	-0.540	5.640
4030.140	-0.500	5.859
4030.170	-0.470	5.347
4030.200	-0.410	4.761
4030.230	-0.350	4.028
4030.260	-0.290	3.589
4030.290	-0.200	2.637
4030.320	-0.130	2.051
4030.350	-0.040	0.952
4030.380	0.040	0.073
4030.410	0.120	-0.879
4030.440	0.200	-1.904
4030.470	0.260	-2.637
4030.500	0.310	-3.442
4030.530	0.360	-3.809
4030.560	0.410	-4.614
4030.590	0.450	-5.054
4030.620	0.490	-5.347
4030.650	0.520	-5.493
4030.680	0.540	-6.152
4030.710	0.560	-6.519
4030.770	0.550	-6.299
4030.800	0.530	-6.079
4030.830	0.510	-6.152
4030.860	0.480	-6.079
4030.890	0.440	-5.347
4030.920	0.390	-4.980
4030.950	0.330	-4.321
4030.980	0.260	-3.735
4031.010	0.180	-2.930
4031.040	0.100	-2.197
4031.070	0.020	-1.172
4031.100	-0.040	-0.366
4031.130	-0.100	0.293
4031.160	-0.160	0.952
4031.190	-0.230	1.904
4031.220	-0.290	2.563
4031.250	-0.350	3.369
4031.280	-0.390	3.442
4031.310	-0.430	4.321
4031.340	-0.450	4.541
4031.370	-0.470	4.834
4031.400	-0.480	5.054
4031.430	-0.500	5.200
4031.490	-0.480	5.200
4031.520	-0.460	5.054
4031.550	-0.440	4.761
4031.580	-0.400	4.321
4031.610	-0.350	4.028
4031.640	-0.290	3.223
4031.670	-0.220	2.856
4031.700	-0.140	1.904
4031.730	-0.060	1.245
4031.760	0.020	0.293
4031.790	0.100	-0.732
4031.820	0.180	-1.611
4031.850	0.260	-2.710
4031.880	0.330	-3.296
4031.910	0.390	-4.175
4031.940	0.450	-4.834
4031.970	0.490	-5.127
4032.000	0.530	-5.786
4032.030	0.560	-6.299
4032.060	0.580	-6.372
4032.090	0.610	-7.031
4032.120	0.630	-6.958
4032.180	0.620	-7.251
4032.210	0.600	-7.178
4032.240	0.580	-7.031
4032.270	0.550	-6.738
4032.300	0.520	-6.445
4032.330	0.470	-5.493
4032.360	0.400	-5.200
4032.390	0.330	-4.541
4032.420	0.250	-3.955
4032.450	0.170	-2.930
4032.480	0.080	-2.051
4032.510	0.020	-0.879
4032.540	-0.040	-0.366
4032.570	-0.110	0.220
4032.600	-0.180	0.952
4032.630	-0.240	1.978
4032.660	-0.290	2.637
4032.690	-0.350	3.589
4032.720	-0.410	3.662
4032.750	-0.460	4.468
4032.780	-0.480	4.834
4032.810	-0.490	5.054
4032.840	-0.510	5.200
4032.870	-0.520	5.640
4032.930	-0.510	5.493
4032.960	-0.490	5.347
4032.990	-0.460	5.054
4033.020	-0.420	4.687
4033.050	-0.380	4.248
4033.080	-0.310	3.955
4033.110	-0.240	2.930
4033.140	-0.170	2.197
4033.170	-0.090	1.099
4033.200	-0.010	0.513
4033.230	0.060	-0.146
4033.260	0.140	-0.879
4033.290	0.220	-1.978
4033.320	0.280	-2.783
4033.350	0.340	-3.882
4033.380	0.400	-4.175
4033.410	0.440	-4.761
4033.440	0.480	-5.273
4033.470	0.510	-5.640
4033.500	0.530	-5.859
4033.530	0.540	-6.152
4033.560	0.550	-6.445
4033.620	0.530	-6.152
4033.650	0.520	-6.079
4033.680	0.480	-5.859
4033.710	0.440	-5.640
4033.740	0.400	-4.980
4033.770	0.350	-4.468
4033.800	0.300	-4.028
4033.830	0.250	-3.296
4033.860	0.180	-2.637
4033.890	0.110	-2.124
4033.920	0.040	-1.538
4033.950	-0.010	-0.659
4033.980	-0.070	0.000
4034.010	-0.120	0.586
4034.040	-0.180	1.465
4034.070	-0.230	1.978
4034.100	-0.270	2.271
4034.130	-0.310	2.856
4034.160	-0.350	3.223
4034.190	-0.380	3.882
4034.220	-0.410	3.809
4034.250	-0.430	4.321
4034.280	-0.440	4.541
4034.310	-0.450	4.687
4034.340	-0.460	4.834
4034.400	-0.430	4.687
4034.430	-0.400	4.248
4034.460	-0.350	4.102
4034.490	-0.310	3.442
4034.520	-0.260	3.296
4034.550	-0.190	2.490
4034.580	-0.120	1.831
4034.610	-0.040	0.952
4034.640	0.010	0.220
4034.670	0.080	-0.586
4034.700	0.150	-1.465
4034.730	0.210	-2.197
4034.760	0.280	-3.149
4034.790	0.320	-3.516
4034.820	0.370	-4.028
4034.850	0.410	-4.321
4034.880	0.440	-4.761
4034.910	0.460	-5.273
4034.940	0.480	-5.640
4034.970	0.490	-5.493
4035.000	0.500	-5.786
4035.030	0.490	-5.933
4035.060	0.480	-5.420
4035.120	0.460	-5.713
4035.150	0.420	-5.054
4035.180	0.370	-4.687
4035.210	0.320	-3.955
4035.240	0.250	-3.809
4035.270	0.190	-2.930
4035.300	0.120	-2.197
4035.330	0.040	-1.172
4035.360	-0.010	-0.513
4035.390	-0.070	0.000
4035.420	-0.130	0.439
4035.450	-0.190	1.099
4035.480	-0.240	2.051
4035.510	-0.300	2.710
4035.540	-0.350	3.516
4035.570	-0.400	3.516
4035.600	-0.430	4.175
4035.630	-0.460	4.541
4035.660	-0.480	4.834
4035.690	-0.490	5.054
4035.810	-0.470	5.127
4035.840	-0.460	4.907
4035.870	-0.420	4.761
4035.900	-0.390	4.395
4035.930	-0.330	3.809
4035.960	-0.260	3.442
4035.990	-0.190	2.344
4036.020	-0.120	1.611
4036.050	-0.050	0.659
4036.080	0.030	0.073
4036.110	0.110	-0.659
4036.140	0.190	-1.538
4036.170	0.240	-2.344
4036.200	0.290	-3.223
4036.230	0.340	-3.662
4036.260	0.380	-4.175
4036.290	0.410	-4.614
4036.320	0.430	-4.834
4036.350	0.450	-5.200
4036.380	0.470	-5.273
4036.410	0.490	-5.273
4036.440	0.500	-5.786
4036.500	0.480	-5.493
4036.530	0.470	-5.566
4036.560	0.440	-5.420
4036.590	0.400	-4.834
4036.620	0.360	-4.395
4036.650	0.300	-3.955
4036.680	0.240	-3.369
4036.710	0.180	-3.149
4036.740	0.100	-2.271
4036.770	0.030	-1.538
4036.800	-0.030	-0.513
4036.830	-0.090	0.220
4036.860	-0.150	1.025
4036.890	-0.210	1.831
4036.920	-0.270	2.490
4036.950	-0.320	3.076
4036.980	-0.360	3.076
4037.010	-0.390	3.735
4037.040	-0.420	3.955
4037.070	-0.450	4.541
4037.100	-0.480	4.761
4037.130	-0.470	4.980
4037.160	-0.490	4.980
4037.190	-0.500	5.273
4037.220	-0.470	5.127
4037.280	-0.420	4.687
4037.310	-0.370	4.395
4037.340	-0.360	3.735
4037.370	-0.310	3.809
4037.400	-0.250	3.076
4037.430	-0.190	2.417
4037.460	-0.100	1.392
4037.490	-0.060	0.732
4037.520	0.010	0.220
4037.550	0.090	-0.513
4037.580	0.160	-1.172
4037.610	0.210	-2.051
4037.640	0.250	-2.637
4037.670	0.280	-3.442
4037.700	0.320	-3.516
4037.730	0.360	-4.028
4037.760	0.400	-4.248
4037.790	0.420	-4.687
4037.820	0.430	-4.980
4037.850	0.450	-5.127
4037.880	0.470	-5.200
4037.910	0.460	-5.493
4037.940	0.450	-5.200
4037.970	0.410	-4.980
4038.000	0.390	-4.687
4038.030	0.350	-4.468
4038.060	0.300	-3.809
4038.090	0.240	-3.809
4038.120	0.170	-2.930
4038.150	0.110	-2.124
4038.180	0.040	-1.025
4038.210	-0.050	-0.366
4038.240	-0.110	0.220
4038.270	-0.180	0.879
4038.300	-0.230	1.904
4038.330	-0.280	2.490
4038.360	-0.330	3.369
4038.390	-0.380	3.516
4038.420	-0.420	4.028
4038.450	-0.460	4.468
4038.480	-0.490	4.834
4038.510	-0.520	5.347
4038.540	-0.540	5.566
4038.570	-0.550	5.493
4038.600	-0.540	6.006
4038.630	-0.530	5.859
4038.660	-0.520	5.347
4038.690	-0.490	5.347
4038.720	-0.470	5.347
4038.750	-0.440	4.907
4038.780	-0.400	4.541
4038.810	-0.340	4.028
4038.840	-0.270	3.369
4038.870	-0.200	2.783
4038.900	-0.130	1.904
4038.930	-0.050	1.099
4038.960	0.030	0.220
4038.990	0.110	-0.806
4039.020	0.180	-1.611
4039.050	0.230	-2.271
4039.080	0.280	-3.076
4039.110	0.320	-3.296
4039.140	0.350	-4.028
4039.170	0.380	-4.175
4039.200	0.400	-4.614
4039.230	0.420	-4.761
4039.260	0.430	-4.907
4039.290	0.440	-4.907
4039.320	0.450	-5.200
4039.350	0.440	-5.200
4039.380	0.430	-4.980
4039.410	0.400	-4.834
4039.440	0.370	-4.468
4039.470	0.320	-3.955
4039.500	0.260	-3.882
4039.530	0.200	-2.930
4039.560	0.140	-2.197
4039.590	0.080	-1.245
4039.650	-0.050	-0.220
4039.680	-0.120	0.439
4039.710	-0.170	0.879
4039.740	-0.230	1.465
4039.770	-0.280	2.344
4039.800	-0.330	2.930
4039.830	-0.370	3.809
4039.860	-0.420	3.735
4039.890	-0.460	4.395
4039.920	-0.490	4.834
4039.950	-0.510	5.127
4040.100	-0.500	5.347
4040.130	-0.480	5.273
4040.160	-0.440	4.980
4040.190	-0.390	4.468
4040.220	-0.340	4.102
4040.250	-0.280	3.149
4040.280	-0.220	2.637
4040.310	-0.150	1.904
4040.340	-0.070	1.392
4040.370	0.010	0.513
4040.400	0.090	-0.732
4040.430	0.170	-1.465
4040.460	0.240	-2.124
4040.490	0.290	-2.710
4040.520	0.340	-3.296
4040.550	0.370	-4.102
4040.580	0.400	-4.468
4040.610	0.430	-4.834
4040.640	0.440	-5.054
4040.670	0.450	-5.347
4040.700	0.460	-5.273
4040.730	0.470	-5.200
4040.760	0.480	-5.640
4040.790	0.470	-5.566
4040.820	0.450	-5.200
4040.850	0.420	-5.127
4040.880	0.370	-4.614
4040.910	0.320	-4.248
4040.940	0.260	-3.882
4040.970	0.200	-2.856
4041.000	0.140	-2.051
4041.030	0.070	-1.318
4041.060	-0.010	-0.806
4041.090	-0.060	-0.146
4041.120	-0.120	0.513
4041.150	-0.170	0.952
4041.180	-0.230	1.465
4041.210	-0.280	2.271
4041.240	-0.330	2.930
4041.270	-0.380	3.809
4041.300	-0.420	3.809
4041.330	-0.460	4.395
4041.360	-0.480	4.761
4041.390	-0.490	4.980
4041.420	-0.500	5.200
4041.450	-0.510	5.420
4041.480	-0.500	5.200
4041.510	-0.490	5.273
4041.540	-0.480	5.273
4041.570	-0.460	5.054
4041.600	-0.430	4.834
4041.630	-0.380	4.395
4041.660	-0.320	3.955
4041.690	-0.260	3.149
4041.720	-0.190	2.344
4041.750	-0.120	1.465
4041.780	-0.040	0.659
4041.810	0.040	0.073
4041.840	0.110	-0.513
4041.870	0.180	-1.318
4041.900	0.240	-2.271
4041.930	0.290	-2.930
4041.960	0.330	-3.735
4041.990	0.370	-3.882
4042.020	0.390	-4.468
4042.050	0.410	-4.761
4042.080	0.430	-4.907
4042.110	0.440	-4.980
4042.140	0.450	-5.127
4042.200	0.440	-5.127
4042.230	0.430	-5.273
4042.260	0.400	-4.907
4042.290	0.360	-4.468
4042.320	0.310	-3.882
4042.350	0.250	-3.589
4042.380	0.200	-3.149
4042.410	0.150	-2.344
4042.440	0.080	-1.611
4042.470	-0.010	-0.659
4042.500	-0.070	-0.146
4042.530	-0.120	0.439
4042.560	-0.180	1.099
4042.590	-0.240	1.978
4042.620	-0.300	2.563
4042.650	-0.340	3.369
4042.680	-0.390	3.442
4042.710	-0.440	4.175
4042.740	-0.490	4.687
4042.770	-0.510	5.054
4042.800	-0.520	5.420
4042.830	-0.540	5.640
4042.860	-0.550	5.493
4042.920	-0.540	5.859
4042.950	-0.530	6.006
4042.980	-0.510	5.566
4043.010	-0.480	5.200
4043.040	-0.430	4.980
4043.070	-0.380	4.468
4043.100	-0.320	3.809
4043.130	-0.260	3.516
4043.160	-0.190	2.490
4043.190	-0.120	1.758
4043.220	-0.050	0.806
4043.250	0.030	0.146
4043.280	0.110	-0.586
4043.310	0.180	-1.538
4043.340	0.220	-2.271
4043.370	0.260	-3.223
4043.400	0.320	-3.442
4043.430	0.360	-3.955
4043.460	0.390	-4.248
4043.490	0.420	-4.614
4043.520	0.430	-4.980
4043.550	0.440	-5.127
4043.610	0.430	-5.200
4043.640	0.420	-4.980
4043.670	0.400	-4.761
4043.700	0.380	-4.541
4043.730	0.340	-4.321
4043.760	0.290	-3.809
4043.790	0.240	-3.516
4043.820	0.190	-3.003
4043.850	0.130	-2.271
4043.880	0.050	-1.465
4043.910	-0.030	-0.586
4043.940	-0.090	0.000
4043.970	-0.150	0.586
4044.000	-0.210	1.538
4044.030	-0.260	2.271
4044.060	-0.310	3.003
4044.090	-0.360	3.369
4044.120	-0.400	3.662
4044.150	-0.430	4.248
4044.180	-0.460	4.614
4044.210	-0.490	4.907
4044.240	-0.520	5.200
4044.270	-0.540	5.493
4044.300	-0.560	6.079
4044.330	-0.570	5.933
4044.360	-0.550	5.640
4044.390	-0.530	6.006
4044.420	-0.500	5.713
4044.450	-0.470	5.273
4044.480	-0.430	4.980
4044.510	-0.370	4.321
4044.540	-0.320	3.882
4044.570	-0.230	2.930
4044.600	-0.150	2.051
4044.630	-0.070	1.172
4044.660	0.010	0.366
4044.690	0.100	-0.366
4044.720	0.180	-1.392
4044.750	0.240	-2.197
4044.780	0.280	-3.076
4044.810	0.330	-3.589
4044.840	0.360	-3.955
4044.870	0.400	-4.468
4044.900	0.430	-4.834
4044.930	0.460	-5.273
4044.960	0.480	-5.273
4044.990	0.490	-5.347
4045.020	0.480	-5.713
4045.050	0.460	-5.713
4045.080	0.440	-5.273
4045.110	0.420	-5.200
4045.140	0.380	-4.761
4045.170	0.340	-4.395
4045.200	0.290	-3.955
4045.230	0.240	-3.296
4045.260	0.180	-2.637
4045.290	0.120	-2.051
4045.320	0.040	-1.538
4045.350	-0.040	-0.586
4045.380	-0.100	0.146
4045.410	-0.160	0.952
4045.440	-0.210	1.758
4045.470	-0.250	2.124
4045.500	-0.300	2.637
4045.530	-0.340	3.076
4045.560	-0.390	3.735
4045.590	-0.430	4.102
4045.620	-0.470	4.614
4045.650	-0.500	5.054
4045.680	-0.530	5.273
4045.710	-0.540	5.713
4045.740	-0.550	5.933
4045.770	-0.540	5.640
4045.800	-0.530	5.640
4045.830	-0.510	5.640
4045.860	-0.480	5.493
4045.890	-0.430	4.980
4045.920	-0.380	4.468
4045.950	-0.340	4.028
4045.980	-0.270	3.003
4046.010	-0.190	2.344
4046.040	-0.100	1.538
4046.070	-0.020	0.806
4046.100	0.070	-0.146
4046.130	0.150	-1.025
4046.160	0.220	-1.758
4046.190	0.260	-2.563
4046.220	0.310	-3.003
4046.250	0.360	-3.955
4046.280	0.390	-4.102
4046.310	0.430	-4.687
4046.340	0.450	-5.127
4046.370	0.480	-5.420
4046.400	0.490	-5.493
4046.490	0.470	-5.713
4046.520	0.450	-5.347
4046.550	0.420	-5.273
4046.580	0.380	-4.761
4046.610	0.350	-4.321
4046.640	0.280	-3.882
4046.670	0.230	-3.223
4046.700	0.170	-2.563
4046.730	0.100	-1.978
4046.760	0.030	-1.318
4046.790	-0.040	-0.586
4046.820	-0.100	0.146
4046.850	-0.160	0.952
4046.880	-0.210	1.611
4046.910	-0.250	2.051
4046.940	-0.300	2.563
4046.970	-0.340	3.003
4047.000	-0.380	3.735
4047.030	-0.410	4.028
4047.060	-0.440	4.321
4047.090	-0.480	4.687
4047.120	-0.500	5.054
4047.150	-0.510	5.493
4047.210	-0.500	5.127
4047.240	-0.480	5.273
4047.270	-0.460	5.127
4047.300	-0.430	4.834
4047.330	-0.380	4.321
4047.360	-0.330	4.028
4047.390	-0.280	3.149
4047.420	-0.210	2.783
4047.450	-0.140	1.831
4047.480	-0.070	1.245
4047.510	0.010	0.366
4047.540	0.090	-0.732
4047.570	0.160	-1.465
4047.600	0.220	-2.271
4047.630	0.260	-2.856
4047.660	0.310	-3.296
4047.690	0.350	-3.882
4047.720	0.380	-4.395
4047.750	0.420	-4.761
4047.780	0.440	-4.980
4047.810	0.460	-5.420
4047.840	0.470	-5.200
4047.900	0.450	-5.713
4047.930	0.430	-5.054
4047.960	0.400	-4.834
4047.990	0.370	-4.541
4048.020	0.330	-4.321
4048.050	0.290	-3.589
4048.080	0.240	-3.369
4048.110	0.180	-2.563
4048.140	0.110	-2.197
4048.170	0.050	-1.392
4048.200	-0.020	-0.586
4048.230	-0.080	0.000
4048.260	-0.140	0.659
4048.290	-0.180	1.465
4048.320	-0.240	2.051
4048.350	-0.280	2.417
4048.380	-0.330	3.076
4048.410	-0.370	3.369
4048.440	-0.410	4.175
4048.470	-0.450	4.248
4048.500	-0.480	4.834
4048.530	-0.510	5.200
4048.560	-0.530	5.713
4048.590	-0.540	5.640
4048.650	-0.530	5.859
4048.680	-0.500	5.566
4048.710	-0.470	5.200
4048.740	-0.430	5.054
4048.770	-0.390	4.395
4048.800	-0.340	3.809
4048.830	-0.270	3.369
4048.860	-0.190	2.344
4048.890	-0.110	1.538
4048.920	-0.030	0.659
4048.950	0.050	-0.073
4048.980	0.130	-0.879
4049.010	0.200	-1.904
4049.040	0.240	-2.563
4049.070	0.290	-3.442
4049.100	0.340	-3.516
4049.130	0.380	-4.248
4049.160	0.410	-4.687
4049.190	0.440	-4.980
4049.220	0.460	-5.200
4049.250	0.480	-5.640
4049.280	0.490	-5.420
4049.310	0.480	-5.566
4049.340	0.460	-5.859
4049.370	0.440	-5.273
4049.400	0.410	-4.980
4049.430	0.380	-4.614
4049.460	0.340	-4.321
4049.490	0.290	-3.589
4049.520	0.240	-3.296
4049.550	0.180	-2.563
4049.580	0.120	-2.124
4049.610	0.040	-1.245
4049.640	-0.040	-0.439
4049.670	-0.100	0.220
4049.700	-0.150	0.879
4049.730	-0.200	1.758
4049.760	-0.250	2.197
