% Time (s)	Gyro Output (rads/s)	Input Rate (RPM)	%1/25/201910:40 AM
0.000	0.000	0.000
3000.360	-0.030	0.000
3000.390	-0.020	0.000
3001.200	-0.030	0.000
3001.230	-0.020	0.000
3001.260	-0.030	0.000
3001.290	-0.020	0.000
3002.370	-0.030	0.000
3002.400	-0.020	0.000
3003.000	-0.030	0.000
3003.030	-0.020	0.000
3003.480	-0.030	0.000
3003.510	-0.020	0.000
3003.600	-0.030	0.000
3003.630	-0.020	0.000
3003.750	-0.030	0.000
3003.780	-0.020	0.000
3007.590	-0.030	0.000
3007.620	-0.020	0.000
3009.120	-0.030	0.000
3009.150	-0.020	0.000
3010.050	-0.030	0.000
3010.080	-0.020	0.000
3013.650	-0.030	0.000
3013.680	-0.020	0.000
3077.040	-0.030	0.000
3077.070	-0.020	0.000
3079.080	-0.030	0.000
3079.110	-0.020	0.000
3080.610	-0.030	0.000
3080.640	-0.020	0.000
3107.010	0.010	-0.146
3107.040	0.060	-0.439
3107.070	0.110	-1.025
3107.100	0.160	-1.831
3107.130	0.210	-2.197
3107.160	0.250	-2.637
3107.190	0.290	-3.003
3107.220	0.320	-3.589
3107.250	0.360	-4.102
3107.280	0.380	-4.175
3107.310	0.400	-4.468
3107.340	0.410	-4.687
3107.370	0.420	-4.834
3107.400	0.430	-4.980
3107.490	0.420	-4.980
3107.520	0.410	-4.834
3107.550	0.400	-4.761
3107.580	0.370	-4.614
3107.610	0.350	-4.321
3107.640	0.320	-4.248
3107.670	0.280	-3.662
3107.700	0.240	-3.296
3107.730	0.210	-2.710
3107.760	0.180	-2.344
3107.790	0.140	-2.051
3107.820	0.090	-1.611
3107.850	0.040	-1.245
3107.880	-0.010	-0.879
3107.910	-0.060	-0.146
3107.940	-0.110	0.513
3107.970	-0.150	1.099
3108.000	-0.190	1.465
3108.030	-0.220	1.831
3108.060	-0.260	2.271
3108.090	-0.300	2.563
3108.120	-0.360	3.369
3108.150	-0.410	3.735
3108.180	-0.480	4.614
3108.210	-0.530	5.273
3108.240	-0.590	5.933
3108.270	-0.660	6.372
3108.300	-0.720	7.397
3108.330	-0.780	8.057
3108.360	-0.860	8.789
3108.390	-0.930	9.375
3108.420	-0.990	10.327
3108.450	-1.050	10.693
3108.480	-1.140	11.719
3108.510	-1.200	12.598
3108.540	-1.280	13.184
3108.570	-1.350	14.136
3108.600	-1.440	14.868
3108.630	-1.510	15.894
3108.660	-1.620	16.992
3108.690	-1.670	17.725
3108.720	-1.790	18.677
3108.750	-1.830	19.556
3108.780	-1.940	20.361
3108.810	-2.030	21.387
3108.840	-2.090	22.559
3108.870	-2.200	23.291
3108.900	-2.270	23.950
3108.930	-2.350	25.122
3108.960	-2.460	26.001
3108.990	-2.520	26.953
3109.020	-2.610	27.759
3109.050	-2.670	28.638
3109.080	-2.770	29.736
3109.110	-2.840	30.615
3109.140	-2.900	31.274
3109.170	-2.990	32.373
3109.200	-3.060	33.252
3109.230	-3.160	34.204
3109.260	-3.250	34.790
3109.290	-3.300	35.815
3109.320	-3.350	36.475
3109.350	-3.410	37.280
3109.380	-3.480	38.013
3109.410	-3.570	38.525
3109.440	-3.620	39.551
3109.470	-3.640	40.137
3109.500	-3.730	40.649
3109.530	-3.800	41.235
3109.560	-3.790	41.895
3109.590	-3.860	42.187
3109.620	-3.910	42.773
3109.650	-3.900	42.920
3109.680	-3.950	43.506
3109.710	-3.970	43.506
3109.770	-4.030	44.312
3109.800	-3.990	44.458
3109.830	-4.040	44.531
3109.890	-4.000	44.312
3109.920	-4.040	44.604
3109.950	-3.980	44.385
3109.980	-4.010	44.458
3110.010	-3.940	44.238
3110.040	-3.950	43.872
3110.070	-3.880	43.286
3110.100	-3.840	43.286
3110.130	-3.850	42.554
3110.160	-3.760	42.334
3110.190	-3.740	41.602
3110.220	-3.680	41.089
3110.250	-3.600	40.649
3110.280	-3.570	39.624
3110.310	-3.480	39.111
3110.340	-3.410	38.452
3110.370	-3.360	37.646
3110.400	-3.300	37.061
3110.430	-3.190	35.742
3110.460	-3.100	34.644
3110.490	-3.050	34.204
3110.520	-2.970	33.032
3110.550	-2.860	32.080
3110.580	-2.780	31.421
3110.610	-2.670	30.176
3110.640	-2.570	29.370
3110.670	-2.470	28.125
3110.700	-2.360	27.026
3110.730	-2.250	26.001
3110.760	-2.130	24.756
3110.790	-2.030	23.437
3110.820	-1.940	21.899
3110.850	-1.830	20.801
3110.880	-1.710	19.922
3110.910	-1.570	18.311
3110.940	-1.440	16.772
3110.970	-1.330	15.820
3111.000	-1.190	14.209
3111.030	-1.060	13.037
3111.060	-0.960	11.353
3111.090	-0.810	9.668
3111.120	-0.670	8.496
3111.150	-0.530	7.031
3111.180	-0.430	5.420
3111.210	-0.270	3.882
3111.240	-0.130	2.490
3111.270	-0.010	0.806
3111.300	0.120	-0.293
3111.330	0.260	-1.685
3111.360	0.400	-3.296
3111.390	0.500	-4.834
3111.420	0.610	-6.226
3111.450	0.720	-7.324
3111.480	0.840	-8.276
3111.510	0.930	-9.668
3111.540	1.010	-10.474
3111.570	1.090	-11.938
3111.600	1.180	-12.817
3111.630	1.260	-13.550
3111.660	1.330	-14.355
3111.690	1.410	-15.308
3111.720	1.490	-16.260
3111.750	1.560	-17.065
3111.780	1.610	-17.578
3111.810	1.680	-18.384
3111.840	1.750	-18.896
3111.870	1.800	-19.702
3111.900	1.870	-20.435
3111.930	1.930	-21.460
3111.960	1.980	-21.606
3111.990	2.040	-21.899
3112.020	2.060	-22.852
3112.050	2.120	-23.511
3112.080	2.150	-23.730
3112.110	2.200	-24.316
3112.140	2.210	-24.683
3112.170	2.270	-25.049
3112.230	2.320	-25.488
3112.260	2.310	-26.001
3112.290	2.360	-26.221
3112.320	2.350	-26.514
3112.350	2.380	-26.514
3112.410	2.370	-26.660
3112.440	2.390	-26.587
3112.470	2.350	-27.100
3112.500	2.380	-26.514
3112.530	2.340	-26.660
3112.590	2.310	-26.147
3112.620	2.270	-25.854
3112.680	2.210	-25.415
3112.710	2.200	-25.122
3112.740	2.140	-24.609
3112.770	2.110	-23.950
3112.800	2.050	-23.584
3112.830	2.000	-23.291
3112.860	1.930	-22.485
3112.890	1.880	-21.680
3112.920	1.820	-21.094
3112.950	1.740	-19.995
3112.980	1.690	-19.629
3113.010	1.600	-18.896
3113.040	1.520	-17.651
3113.070	1.440	-16.846
3113.100	1.330	-16.040
3113.130	1.240	-15.015
3113.160	1.160	-14.136
3113.190	1.070	-13.037
3113.220	0.970	-12.085
3113.250	0.860	-10.693
3113.280	0.750	-9.521
3113.310	0.640	-8.350
3113.340	0.530	-7.178
3113.370	0.410	-6.152
3113.400	0.330	-4.834
3113.430	0.230	-3.735
3113.460	0.130	-2.417
3113.490	0.030	-1.611
3113.520	-0.070	-0.513
3113.550	-0.180	0.879
3113.580	-0.280	1.831
3113.610	-0.370	2.930
3113.640	-0.450	3.955
3113.670	-0.550	4.980
3113.700	-0.640	6.299
3113.730	-0.720	6.958
3113.760	-0.830	7.910
3113.790	-0.910	8.862
3113.820	-1.010	10.034
3113.850	-1.090	11.133
3113.880	-1.180	12.231
3113.910	-1.260	13.184
3113.940	-1.360	14.062
3113.970	-1.440	14.941
3114.000	-1.550	16.113
3114.030	-1.620	17.212
3114.060	-1.700	18.164
3114.090	-1.770	18.750
3114.120	-1.860	19.556
3114.150	-1.890	20.581
3114.180	-1.970	21.313
3114.210	-2.080	22.412
3114.240	-2.150	22.705
3114.270	-2.200	23.657
3114.300	-2.270	24.390
3114.330	-2.350	24.829
3114.360	-2.390	25.781
3114.390	-2.420	26.367
3114.420	-2.490	27.026
3114.450	-2.560	27.466
3114.480	-2.590	28.052
3114.510	-2.630	28.638
3114.540	-2.680	28.931
3114.570	-2.710	29.370
3114.600	-2.740	29.956
3114.630	-2.760	30.396
3114.660	-2.770	30.542
3114.690	-2.790	30.762
3114.720	-2.820	30.908
3114.750	-2.850	31.055
3114.780	-2.870	31.128
3114.810	-2.880	31.348
3114.840	-2.860	31.348
3114.870	-2.850	31.421
3114.900	-2.860	31.494
3114.930	-2.890	31.494
3114.960	-2.880	31.421
3114.990	-2.850	31.274
3115.020	-2.830	31.201
3115.050	-2.800	31.128
3115.110	-2.790	30.542
3115.140	-2.760	30.249
3115.170	-2.710	29.810
3115.200	-2.650	29.443
3115.230	-2.610	29.370
3115.260	-2.570	28.784
3115.290	-2.530	28.271
3115.320	-2.490	27.612
3115.350	-2.440	27.393
3115.380	-2.380	26.440
3115.410	-2.310	25.708
3115.440	-2.240	24.976
3115.470	-2.170	24.097
3115.500	-2.100	23.437
3115.530	-2.010	22.778
3115.560	-1.920	21.460
3115.590	-1.820	20.728
3115.620	-1.710	19.556
3115.650	-1.620	18.530
3115.680	-1.530	17.651
3115.710	-1.420	16.333
3115.740	-1.330	15.015
3115.770	-1.220	13.989
3115.800	-1.100	12.451
3115.830	-0.950	11.499
3115.860	-0.860	10.400
3115.890	-0.760	8.936
3115.920	-0.600	7.397
3115.950	-0.500	6.299
3115.980	-0.350	4.614
3116.010	-0.270	3.516
3116.040	-0.110	1.978
3116.070	0.030	0.659
3116.100	0.130	-0.879
3116.130	0.270	-2.417
3116.160	0.400	-3.662
3116.190	0.520	-4.980
3116.220	0.640	-6.519
3116.250	0.740	-7.544
3116.280	0.860	-8.936
3116.310	0.980	-10.181
3116.340	1.080	-11.646
3116.370	1.180	-12.451
3116.400	1.260	-13.623
3116.430	1.350	-14.502
3116.460	1.430	-15.527
3116.490	1.500	-16.553
3116.520	1.590	-17.432
3116.550	1.680	-18.311
3116.580	1.760	-19.189
3116.610	1.840	-20.361
3116.640	1.920	-20.801
3116.670	1.980	-21.899
3116.700	2.040	-22.485
3116.730	2.120	-23.437
3116.760	2.180	-24.243
3116.790	2.250	-24.902
3116.820	2.310	-25.562
3116.850	2.360	-26.147
3116.880	2.420	-26.807
3116.910	2.460	-27.612
3116.940	2.520	-28.052
3116.970	2.580	-28.564
3117.000	2.600	-28.857
3117.030	2.670	-29.663
3117.060	2.680	-29.883
3117.090	2.710	-30.029
3117.120	2.770	-30.396
3117.150	2.730	-30.835
3117.180	2.810	-31.201
3117.240	2.790	-31.787
3117.270	2.870	-31.934
3117.300	2.840	-31.934
3117.330	2.860	-31.860
3117.360	2.850	-31.860
3117.390	2.870	-31.860
3117.420	2.880	-31.860
3117.450	2.820	-31.860
3117.480	2.840	-31.787
3117.510	2.860	-31.641
3117.540	2.790	-31.714
3117.570	2.760	-31.494
3117.600	2.800	-31.201
3117.630	2.730	-30.981
3117.660	2.670	-30.762
3117.690	2.710	-30.249
3117.720	2.640	-29.883
3117.750	2.550	-29.370
3117.810	2.500	-28.491
3117.840	2.420	-27.979
3117.870	2.370	-27.100
3117.900	2.300	-26.880
3117.930	2.270	-25.635
3117.960	2.150	-25.122
3117.990	2.110	-24.316
3118.020	2.020	-23.364
3118.050	1.940	-22.412
3118.080	1.860	-21.387
3118.110	1.760	-20.728
3118.140	1.680	-19.482
3118.170	1.580	-18.604
3118.200	1.460	-17.505
3118.230	1.380	-16.406
3118.260	1.260	-15.161
3118.290	1.130	-13.843
3118.320	1.060	-12.598
3118.350	0.930	-11.499
3118.380	0.810	-10.181
3118.410	0.700	-9.009
3118.440	0.570	-7.397
3118.470	0.450	-6.299
3118.500	0.320	-4.834
3118.530	0.210	-3.442
3118.560	0.120	-2.271
3118.620	-0.110	0.073
3118.650	-0.220	1.099
3118.680	-0.330	2.563
3118.710	-0.430	3.735
3118.740	-0.540	4.834
3118.770	-0.630	5.933
3118.800	-0.710	7.031
3118.830	-0.830	8.276
3118.860	-0.920	9.302
3118.890	-1.010	10.181
3118.920	-1.100	11.279
3118.950	-1.180	12.598
3118.980	-1.290	13.110
3119.010	-1.370	14.355
3119.040	-1.440	15.308
3119.070	-1.530	16.260
3119.100	-1.600	16.992
3119.130	-1.700	17.651
3119.160	-1.780	18.750
3119.190	-1.850	19.922
3119.220	-1.900	20.361
3119.250	-2.000	21.313
3119.280	-2.060	21.899
3119.310	-2.090	22.852
3119.340	-2.170	23.584
3119.370	-2.230	24.097
3119.400	-2.270	24.902
3119.430	-2.320	25.415
3119.460	-2.390	26.074
3119.490	-2.450	26.514
3119.520	-2.470	26.807
3119.550	-2.520	27.686
3119.580	-2.570	27.905
3119.610	-2.600	28.198
3119.640	-2.610	28.638
3119.670	-2.630	29.004
3119.700	-2.650	29.004
3119.730	-2.660	29.077
3119.760	-2.680	29.663
3119.820	-2.700	29.810
3119.850	-2.710	29.736
3119.880	-2.720	29.883
3119.910	-2.730	29.956
3119.940	-2.720	29.883
3119.970	-2.700	29.443
3120.000	-2.690	29.150
3120.030	-2.650	29.297
3120.060	-2.630	29.443
3120.090	-2.600	29.004
3120.120	-2.580	28.638
3120.150	-2.560	28.564
3120.180	-2.520	28.052
3120.210	-2.480	27.539
3120.240	-2.450	27.246
3120.270	-2.400	26.367
3120.300	-2.350	26.294
3120.330	-2.290	25.342
3120.360	-2.240	24.902
3120.390	-2.170	24.463
3120.420	-2.100	23.584
3120.450	-2.020	22.485
3120.480	-1.940	21.899
3120.510	-1.870	21.313
3120.540	-1.790	20.215
3120.570	-1.710	19.336
3120.600	-1.620	18.384
3120.630	-1.520	17.578
3120.660	-1.420	16.333
3120.690	-1.350	15.088
3120.720	-1.230	14.136
3120.750	-1.100	13.257
3120.780	-1.040	11.938
3120.810	-0.930	10.547
3120.840	-0.790	9.448
3120.870	-0.690	8.350
3120.900	-0.540	6.885
3120.930	-0.470	5.493
3120.960	-0.320	4.175
3120.990	-0.200	3.149
3121.020	-0.100	1.685
3121.050	0.040	0.366
3121.080	0.160	-1.172
3121.110	0.280	-2.271
3121.140	0.400	-3.809
3121.170	0.490	-4.907
3121.200	0.610	-6.445
3121.230	0.730	-7.324
3121.260	0.840	-8.716
3121.290	0.940	-10.107
3121.320	1.020	-10.986
3121.350	1.110	-11.865
3121.380	1.200	-13.037
3121.410	1.260	-13.843
3121.440	1.360	-14.941
3121.470	1.440	-15.674
3121.500	1.530	-16.479
3121.530	1.620	-17.505
3121.560	1.690	-18.530
3121.590	1.760	-19.409
3121.620	1.850	-20.142
3121.650	1.920	-21.094
3121.680	1.970	-21.606
3121.710	2.070	-22.852
3121.740	2.120	-23.437
3121.770	2.200	-23.950
3121.800	2.250	-24.829
3121.830	2.340	-25.488
3121.860	2.360	-26.147
3121.890	2.440	-27.100
3121.920	2.460	-27.246
3121.950	2.550	-28.052
3121.980	2.590	-28.711
3122.010	2.610	-29.224
3122.040	2.700	-29.297
3122.070	2.690	-29.736
3122.100	2.740	-30.469
3122.130	2.780	-30.615
3122.160	2.790	-30.981
3122.190	2.830	-31.274
3122.220	2.820	-31.494
3122.250	2.890	-31.787
3122.280	2.900	-32.080
3122.310	2.860	-32.446
3122.340	2.940	-32.446
3122.370	2.930	-32.520
3122.400	2.890	-32.739
3122.430	2.900	-32.812
3122.460	2.940	-32.739
3122.490	2.920	-32.739
3122.520	2.870	-32.739
3122.550	2.860	-32.520
3122.580	2.870	-32.373
3122.610	2.850	-32.007
3122.640	2.790	-31.714
3122.670	2.750	-31.348
3122.700	2.740	-30.981
3122.730	2.720	-30.615
3122.760	2.620	-30.396
3122.790	2.560	-29.736
3122.820	2.580	-28.784
3122.850	2.460	-28.491
3122.880	2.400	-27.905
3122.910	2.380	-26.807
3122.940	2.240	-26.294
3122.970	2.200	-25.562
3123.000	2.110	-24.756
3123.030	1.990	-23.584
3123.060	1.950	-22.339
3123.090	1.820	-21.167
3123.120	1.750	-20.142
3123.150	1.650	-19.336
3123.180	1.520	-18.311
3123.210	1.450	-17.358
3123.240	1.310	-16.113
3123.270	1.200	-14.722
3123.300	1.110	-13.550
3123.330	0.980	-12.158
3123.360	0.870	-10.767
3123.390	0.740	-9.448
3123.420	0.610	-7.910
3123.450	0.500	-6.885
3123.480	0.360	-5.273
3123.510	0.230	-4.102
3123.540	0.130	-2.563
3123.570	0.010	-1.538
3123.600	-0.080	-0.146
3123.630	-0.200	1.172
3123.660	-0.310	2.124
3123.690	-0.410	3.662
3123.720	-0.520	4.541
3123.750	-0.590	5.493
3123.780	-0.690	6.812
3123.810	-0.800	7.983
3123.840	-0.890	9.082
3123.870	-0.990	9.961
3123.900	-1.110	11.279
3123.930	-1.180	12.231
3123.960	-1.290	13.257
3123.990	-1.360	14.502
3124.020	-1.460	15.527
3124.050	-1.540	16.333
3124.080	-1.650	17.212
3124.110	-1.710	18.237
3124.140	-1.810	18.896
3124.170	-1.880	20.215
3124.200	-1.960	21.094
3124.230	-2.030	22.046
3124.260	-2.100	22.852
3124.290	-2.200	23.511
3124.320	-2.230	24.097
3124.350	-2.290	24.976
3124.380	-2.380	25.415
3124.410	-2.430	26.221
3124.440	-2.490	27.173
3124.470	-2.540	27.466
3124.500	-2.590	27.979
3124.530	-2.630	28.711
3124.560	-2.640	28.784
3124.590	-2.690	29.224
3124.620	-2.740	29.810
3124.650	-2.760	30.176
3124.680	-2.770	30.469
3124.710	-2.800	30.762
3124.740	-2.820	31.128
3124.770	-2.840	31.348
3124.830	-2.850	31.567
3124.890	-2.830	31.641
3124.920	-2.810	31.714
3124.950	-2.820	31.641
3124.980	-2.790	31.348
3125.010	-2.760	30.981
3125.040	-2.740	30.615
3125.070	-2.720	30.322
3125.100	-2.710	30.029
3125.130	-2.670	29.517
3125.160	-2.650	28.857
3125.190	-2.600	28.564
3125.220	-2.550	28.271
3125.250	-2.510	27.905
3125.280	-2.460	27.026
3125.310	-2.400	26.880
3125.340	-2.340	26.074
3125.370	-2.270	25.342
3125.400	-2.200	24.902
3125.430	-2.140	23.877
3125.460	-2.070	23.218
3125.490	-2.000	22.632
3125.520	-1.920	21.460
3125.550	-1.850	20.801
3125.580	-1.750	19.702
3125.610	-1.650	18.896
3125.640	-1.560	17.944
3125.670	-1.480	16.992
3125.700	-1.360	15.747
3125.730	-1.280	14.575
3125.760	-1.190	13.550
3125.790	-1.040	12.158
3125.820	-0.940	11.133
3125.850	-0.830	9.888
3125.880	-0.750	8.569
3125.910	-0.600	7.324
3125.940	-0.500	6.299
3125.970	-0.370	4.761
3126.000	-0.240	3.369
3126.030	-0.110	2.197
3126.060	0.030	0.586
3126.090	0.160	-0.806
3126.120	0.260	-2.490
3126.150	0.390	-3.516
3126.180	0.500	-4.834
3126.210	0.610	-6.152
3126.240	0.710	-7.251
3126.270	0.810	-8.423
3126.300	0.910	-9.595
3126.330	1.000	-10.547
3126.360	1.070	-11.499
3126.390	1.150	-12.671
3126.420	1.240	-13.403
3126.450	1.330	-14.429
3126.480	1.410	-15.308
3126.510	1.500	-16.113
3126.540	1.570	-16.992
3126.570	1.660	-18.018
3126.600	1.730	-18.896
3126.630	1.800	-19.849
3126.660	1.880	-20.728
3126.690	1.960	-21.387
3126.720	2.020	-21.899
3126.750	2.090	-22.852
3126.780	2.160	-23.877
3126.810	2.220	-24.609
3126.840	2.280	-25.342
3126.870	2.330	-25.781
3126.900	2.410	-26.367
3126.930	2.420	-27.026
3126.960	2.510	-27.759
3126.990	2.550	-28.125
3127.020	2.580	-28.564
3127.050	2.660	-28.931
3127.080	2.670	-29.736
3127.110	2.710	-30.029
3127.140	2.730	-30.396
3127.170	2.790	-30.835
3127.200	2.830	-31.128
3127.230	2.790	-31.567
3127.260	2.840	-31.860
3127.290	2.910	-31.934
3127.320	2.860	-32.446
3127.350	2.870	-32.593
3127.380	2.920	-32.666
3127.440	2.890	-32.812
3127.470	2.880	-32.739
3127.560	2.860	-32.300
3127.590	2.830	-32.153
3127.620	2.800	-31.860
3127.650	2.770	-31.641
3127.680	2.750	-31.055
3127.710	2.700	-30.542
3127.740	2.620	-30.249
3127.770	2.610	-29.810
3127.800	2.570	-29.443
3127.830	2.480	-28.564
3127.860	2.420	-27.905
3127.890	2.370	-27.466
3127.920	2.260	-26.221
3127.950	2.210	-25.342
3127.980	2.140	-24.316
3128.010	2.030	-23.584
3128.040	1.990	-22.852
3128.070	1.840	-22.046
3128.100	1.790	-20.874
3128.130	1.650	-19.482
3128.160	1.560	-18.604
3128.190	1.460	-17.432
3128.220	1.340	-15.967
3128.250	1.250	-14.795
3128.280	1.120	-13.696
3128.310	1.000	-12.231
3128.340	0.900	-10.767
3128.370	0.770	-9.814
3128.400	0.630	-8.276
3128.430	0.510	-6.885
3128.460	0.390	-5.713
3128.490	0.280	-4.395
3128.520	0.150	-2.930
3128.550	0.010	-1.685
3128.580	-0.090	-0.220
3128.610	-0.200	1.099
3128.640	-0.320	2.344
3128.670	-0.420	3.735
3128.700	-0.520	4.687
3128.730	-0.610	5.640
3128.760	-0.700	6.592
3128.790	-0.820	8.057
3128.820	-0.910	9.082
3128.850	-1.000	9.888
3128.880	-1.100	11.279
3128.910	-1.210	12.451
3128.940	-1.290	13.184
3128.970	-1.390	14.355
3129.000	-1.460	15.381
3129.030	-1.580	16.479
3129.060	-1.640	17.212
3129.090	-1.750	18.457
3129.120	-1.820	19.336
3129.150	-1.920	20.435
3129.180	-2.010	21.313
3129.210	-2.060	22.266
3129.240	-2.150	22.998
3129.270	-2.200	23.730
3129.300	-2.300	24.536
3129.330	-2.370	25.562
3129.360	-2.400	26.147
3129.390	-2.490	27.246
3129.420	-2.540	27.466
3129.450	-2.590	28.271
3129.480	-2.650	29.004
3129.510	-2.700	29.370
3129.540	-2.750	29.590
3129.570	-2.770	30.103
3129.600	-2.790	30.615
3129.630	-2.840	30.762
3129.690	-2.860	31.421
3129.720	-2.880	31.714
3129.750	-2.910	32.007
3129.780	-2.920	32.227
3129.840	-2.940	32.373
3129.900	-2.930	32.153
3129.930	-2.920	32.007
3129.960	-2.910	32.007
3129.990	-2.890	31.787
3130.020	-2.850	31.641
3130.050	-2.830	31.348
3130.080	-2.790	31.201
3130.110	-2.760	30.762
3130.140	-2.730	30.469
3130.170	-2.700	30.029
3130.200	-2.660	29.297
3130.230	-2.600	28.857
3130.260	-2.550	28.638
3130.290	-2.500	28.125
3130.320	-2.440	27.466
3130.350	-2.390	26.953
3130.380	-2.350	26.221
3130.410	-2.280	25.415
3130.440	-2.210	24.683
3130.470	-2.130	23.730
3130.500	-2.050	23.071
3130.530	-1.960	22.485
3130.560	-1.870	21.167
3130.590	-1.790	20.508
3130.620	-1.710	19.263
3130.650	-1.600	18.311
3130.680	-1.510	17.212
3130.710	-1.420	16.260
3130.740	-1.270	15.088
3130.770	-1.190	13.916
3130.800	-1.100	12.598
3130.830	-0.970	11.719
3130.860	-0.860	10.327
3130.890	-0.750	8.862
3130.920	-0.620	7.471
3130.950	-0.510	6.519
3130.980	-0.360	4.980
3131.010	-0.250	3.735
3131.040	-0.140	2.344
3131.070	-0.010	1.099
3131.100	0.100	-0.293
3131.130	0.220	-1.685
3131.160	0.320	-3.296
3131.190	0.440	-4.175
3131.220	0.560	-5.420
3131.250	0.690	-6.445
3131.280	0.760	-8.130
3131.310	0.840	-9.082
3131.340	0.930	-9.814
3131.370	1.020	-11.133
3131.400	1.100	-11.938
3131.430	1.180	-12.598
3131.460	1.280	-13.696
3131.490	1.360	-14.575
3131.520	1.440	-15.527
3131.550	1.520	-16.772
3131.580	1.590	-17.651
3131.610	1.670	-18.018
3131.640	1.760	-19.043
3131.670	1.820	-20.215
3131.700	1.910	-20.508
3131.730	1.960	-21.313
3131.760	2.050	-22.119
3131.790	2.080	-22.998
3131.820	2.180	-23.804
3131.850	2.210	-24.609
3131.880	2.290	-25.049
3131.910	2.330	-25.708
3131.940	2.360	-26.587
3131.970	2.460	-26.660
3132.000	2.470	-27.393
3132.030	2.530	-27.832
3132.060	2.560	-28.271
3132.090	2.600	-28.784
3132.120	2.630	-29.443
3132.150	2.640	-29.590
3132.180	2.720	-29.883
3132.210	2.730	-30.322
3132.240	2.700	-30.542
3132.270	2.760	-30.688
3132.300	2.790	-30.762
3132.330	2.760	-31.055
3132.390	2.790	-31.128
3132.450	2.780	-31.348
3132.480	2.770	-31.274
3132.510	2.760	-31.128
3132.540	2.750	-31.055
3132.570	2.740	-30.835
3132.600	2.720	-30.688
3132.630	2.670	-30.322
3132.660	2.630	-29.883
3132.690	2.620	-29.663
3132.720	2.590	-29.517
3132.750	2.510	-28.931
3132.780	2.460	-28.345
3132.810	2.440	-27.612
3132.840	2.360	-27.393
3132.870	2.270	-26.221
3132.900	2.240	-25.708
3132.930	2.140	-24.902
3132.960	2.050	-23.877
3132.990	2.020	-23.071
3133.020	1.880	-22.266
3133.050	1.850	-21.094
3133.080	1.720	-20.288
3133.110	1.640	-19.263
3133.140	1.540	-18.237
3133.170	1.420	-16.992
3133.200	1.340	-16.040
3133.230	1.220	-14.941
3133.260	1.110	-13.403
3133.290	0.990	-12.524
3133.320	0.860	-10.986
3133.350	0.760	-9.595
3133.380	0.640	-8.423
3133.410	0.490	-7.178
3133.440	0.390	-5.493
3133.470	0.250	-4.028
3133.500	0.130	-2.710
3133.530	-0.010	-1.099
3133.560	-0.140	0.000
3133.590	-0.230	1.099
3133.620	-0.330	2.563
3133.650	-0.450	3.589
3133.680	-0.530	4.834
3133.710	-0.640	6.226
3133.740	-0.740	7.031
3133.770	-0.830	8.130
3133.800	-0.930	9.302
3133.830	-1.040	10.181
3133.860	-1.130	11.499
3133.890	-1.220	12.817
3133.920	-1.320	13.623
3133.950	-1.400	14.868
3133.980	-1.510	15.894
3134.010	-1.590	16.699
3134.040	-1.690	17.578
3134.070	-1.760	18.677
3134.100	-1.870	19.775
3134.130	-1.940	20.142
3134.160	-2.020	21.460
3134.190	-2.100	22.046
3134.220	-2.170	23.364
3134.250	-2.250	24.536
3134.280	-2.310	25.049
3134.310	-2.410	25.928
3134.340	-2.460	26.587
3134.370	-2.490	27.100
3134.400	-2.580	27.905
3134.430	-2.630	28.491
3134.460	-2.670	29.224
3134.490	-2.730	29.663
3134.520	-2.790	30.249
3134.550	-2.830	30.762
3134.580	-2.850	31.201
3134.610	-2.880	31.567
3134.640	-2.910	31.934
3134.670	-2.930	32.227
3134.700	-2.940	32.446
3134.730	-2.970	32.593
3134.760	-3.000	32.739
3134.790	-3.010	32.739
3134.880	-3.030	33.105
3134.910	-3.010	33.179
3134.940	-2.990	33.105
3134.970	-2.980	32.886
3135.000	-2.950	32.812
3135.030	-2.930	32.593
3135.060	-2.900	32.373
3135.090	-2.880	32.007
3135.120	-2.840	31.567
3135.150	-2.800	31.201
3135.180	-2.760	30.981
3135.210	-2.720	30.615
3135.240	-2.670	29.883
3135.270	-2.630	29.590
3135.300	-2.570	29.224
3135.330	-2.530	28.345
3135.360	-2.480	27.832
3135.390	-2.420	27.026
3135.420	-2.350	26.147
3135.450	-2.280	25.635
3135.480	-2.200	24.609
3135.510	-2.120	24.023
3135.540	-2.030	23.145
3135.570	-1.960	22.192
3135.600	-1.880	21.460
3135.630	-1.770	20.361
3135.660	-1.680	19.116
3135.690	-1.610	18.018
3135.720	-1.480	16.992
3135.750	-1.340	15.820
3135.780	-1.270	14.502
3135.810	-1.150	13.550
3135.840	-1.060	12.305
3135.870	-0.920	10.913
3135.900	-0.820	9.741
3135.930	-0.700	8.569
3135.960	-0.580	7.251
3135.990	-0.460	5.786
3136.020	-0.330	4.541
3136.050	-0.220	3.149
3136.080	-0.110	1.831
3136.110	0.030	0.439
3136.140	0.160	-0.806
3136.170	0.270	-2.051
3136.200	0.390	-3.662
3136.230	0.500	-4.761
3136.260	0.610	-5.933
3136.290	0.680	-7.031
3136.320	0.770	-8.276
3136.350	0.860	-9.082
3136.380	0.940	-9.888
3136.410	1.020	-11.133
3136.440	1.100	-12.085
3136.470	1.190	-12.524
3136.500	1.290	-13.770
3136.530	1.360	-14.575
3136.560	1.430	-15.527
3136.590	1.510	-16.626
3136.620	1.590	-17.505
3136.650	1.650	-18.091
3136.680	1.740	-18.970
3136.710	1.790	-19.775
3136.740	1.870	-20.288
3136.770	1.910	-21.094
3136.800	2.000	-22.192
3136.830	2.030	-22.632
3136.860	2.120	-23.291
3136.890	2.170	-23.730
3136.920	2.190	-24.243
3136.950	2.290	-24.902
3136.980	2.270	-25.488
3137.010	2.350	-26.001
3137.040	2.420	-26.807
3137.070	2.390	-26.660
3137.100	2.470	-27.393
3137.130	2.490	-27.686
3137.160	2.520	-28.052
3137.190	2.550	-28.052
3137.220	2.530	-28.198
3137.250	2.600	-28.564
3137.310	2.580	-28.784
3137.340	2.600	-29.077
3137.370	2.620	-29.517
3137.400	2.640	-29.517
3137.430	2.610	-29.224
3137.460	2.600	-29.370
3137.490	2.580	-29.297
3137.520	2.570	-29.004
3137.550	2.590	-28.784
3137.580	2.550	-28.931
3137.610	2.490	-28.564
3137.640	2.460	-28.271
3137.670	2.470	-27.832
3137.700	2.420	-27.759
3137.730	2.340	-26.880
3137.760	2.330	-26.807
3137.790	2.310	-26.221
3137.820	2.210	-25.562
3137.850	2.130	-24.902
3137.880	2.140	-24.023
3137.910	2.060	-23.657
3137.940	1.940	-22.998
3137.970	1.930	-22.192
3138.000	1.810	-21.313
3138.030	1.750	-20.142
3138.060	1.630	-19.409
3138.090	1.540	-18.457
3138.120	1.470	-17.212
3138.150	1.360	-16.406
3138.180	1.270	-15.381
3138.210	1.180	-13.989
3138.240	1.050	-13.037
3138.270	0.960	-11.719
3138.300	0.830	-10.474
3138.330	0.700	-9.302
3138.360	0.590	-7.910
3138.390	0.450	-6.665
3138.420	0.350	-5.127
3138.450	0.230	-3.882
3138.480	0.090	-2.563
3138.510	-0.030	-1.318
3138.540	-0.170	0.586
3138.570	-0.280	1.904
3138.600	-0.380	3.296
3138.630	-0.540	3.955
3138.660	-0.560	5.127
3138.690	-0.660	6.299
3138.720	-0.760	7.544
3138.750	-0.860	8.276
3138.780	-0.960	9.521
3138.810	-1.040	10.400
3138.840	-1.140	11.646
3138.870	-1.290	12.598
3138.900	-1.300	13.403
3138.930	-1.410	14.868
3138.960	-1.480	15.747
3138.990	-1.580	16.626
3139.020	-1.660	17.358
3139.050	-1.760	18.457
3139.080	-1.820	19.409
3139.110	-1.910	20.508
3139.140	-1.980	21.021
3139.170	-2.050	21.973
3139.200	-2.140	22.925
3139.230	-2.200	23.511
3139.260	-2.250	24.170
3139.290	-2.340	25.269
3139.320	-2.420	26.001
3139.350	-2.440	26.733
3139.380	-2.510	27.319
3139.410	-2.570	27.905
3139.440	-2.610	28.711
3139.470	-2.650	29.004
3139.500	-2.720	29.517
3139.530	-2.770	30.176
3139.560	-2.800	30.469
3139.590	-2.840	30.981
3139.620	-2.880	31.274
3139.650	-2.920	31.641
3139.680	-2.930	31.860
3139.710	-2.950	32.227
3139.740	-2.980	32.520
3139.770	-2.990	32.739
3139.800	-3.000	32.959
3139.830	-3.020	32.959
3139.890	-3.010	33.325
3139.920	-3.000	33.252
3139.980	-2.990	33.252
3140.010	-2.980	33.032
3140.040	-2.970	32.886
3140.070	-2.950	32.812
3140.100	-2.940	32.446
3140.130	-2.920	32.300
3140.160	-2.890	31.860
3140.190	-2.860	31.348
3140.220	-2.810	31.128
3140.250	-2.770	30.615
3140.280	-2.730	30.322
3140.310	-2.680	29.810
3140.340	-2.620	29.150
3140.370	-2.550	28.784
3140.400	-2.480	28.052
3140.430	-2.410	27.393
3140.460	-2.340	26.440
3140.490	-2.270	25.635
3140.520	-2.180	25.049
3140.550	-2.110	23.877
3140.580	-2.020	22.998
3140.610	-1.940	21.973
3140.640	-1.840	20.874
3140.670	-1.730	19.629
3140.700	-1.610	18.604
3140.730	-1.530	17.505
3140.760	-1.420	16.333
3140.790	-1.300	14.941
3140.820	-1.200	13.989
3140.850	-1.040	12.451
3140.880	-0.970	11.060
3140.910	-0.820	10.181
3140.940	-0.730	8.496
3140.970	-0.570	7.324
3141.000	-0.440	6.006
3141.030	-0.330	4.395
3141.060	-0.180	2.783
3141.090	-0.080	1.392
3141.120	0.060	0.146
3141.150	0.200	-0.952
3141.180	0.280	-2.344
3141.210	0.430	-3.882
3141.240	0.520	-5.127
3141.270	0.620	-6.372
3141.300	0.710	-7.471
3141.330	0.790	-8.716
3141.360	0.880	-9.448
3141.390	0.990	-10.474
3141.420	1.080	-11.499
3141.450	1.170	-12.524
3141.480	1.230	-13.477
3141.510	1.320	-14.429
3141.540	1.420	-15.308
3141.570	1.480	-16.333
3141.600	1.560	-16.919
3141.630	1.650	-17.944
3141.660	1.720	-18.677
3141.690	1.760	-19.629
3141.720	1.850	-20.068
3141.750	1.900	-21.240
3141.780	1.990	-21.753
3141.810	2.030	-22.266
3141.840	2.110	-23.291
3141.870	2.150	-24.023
3141.900	2.200	-24.536
3141.930	2.260	-25.195
3141.960	2.300	-25.635
3141.990	2.360	-26.147
3142.020	2.400	-26.514
3142.080	2.470	-27.246
3142.110	2.520	-27.832
3142.140	2.480	-28.125
3142.170	2.550	-28.345
3142.200	2.580	-28.711
3142.260	2.570	-28.784
3142.290	2.580	-29.224
3142.320	2.630	-29.224
3142.350	2.610	-29.077
3142.410	2.590	-29.224
3142.440	2.580	-29.443
3142.470	2.600	-29.004
3142.500	2.570	-28.784
3142.530	2.540	-28.638
3142.560	2.510	-28.271
3142.590	2.500	-28.125
3142.620	2.480	-27.832
3142.650	2.430	-27.612
3142.680	2.380	-27.319
3142.710	2.360	-26.733
3142.740	2.340	-26.294
3142.770	2.260	-25.928
3142.800	2.180	-25.342
3142.830	2.170	-24.536
3142.860	2.090	-24.023
3142.890	1.990	-23.437
3142.950	1.910	-21.899
3142.980	1.800	-21.167
3143.010	1.730	-19.922
3143.040	1.650	-19.409
3143.070	1.580	-18.384
3143.100	1.470	-17.358
3143.130	1.410	-16.479
3143.160	1.320	-15.527
3143.190	1.190	-14.502
3143.220	1.100	-13.403
3143.250	1.000	-12.231
3143.280	0.890	-10.913
3143.310	0.770	-9.888
3143.340	0.670	-8.569
3143.370	0.570	-7.397
3143.400	0.450	-6.226
3143.430	0.320	-4.761
3143.460	0.200	-3.442
3143.490	0.080	-1.904
3143.520	-0.040	-0.732
3143.550	-0.170	0.513
3143.580	-0.250	1.611
3143.610	-0.350	3.003
3143.640	-0.450	3.955
3143.670	-0.540	5.054
3143.700	-0.630	6.226
3143.730	-0.720	6.958
3143.760	-0.810	8.057
3143.790	-0.910	9.375
3143.820	-0.980	9.888
3143.850	-1.070	11.206
3143.880	-1.160	12.085
3143.910	-1.240	12.817
3143.940	-1.350	13.989
3143.970	-1.410	14.795
3144.000	-1.510	15.967
3144.030	-1.560	17.065
3144.060	-1.670	17.871
3144.090	-1.730	18.457
3144.120	-1.820	19.336
3144.150	-1.910	20.288
3144.180	-1.960	20.947
3144.210	-2.060	22.192
3144.240	-2.120	22.485
3144.270	-2.160	23.511
3144.300	-2.260	24.536
3144.330	-2.310	24.829
3144.360	-2.370	25.854
3144.390	-2.450	26.294
3144.420	-2.500	26.733
3144.450	-2.550	27.612
3144.480	-2.570	28.125
3144.510	-2.640	28.784
3144.540	-2.670	29.004
3144.570	-2.720	29.517
3144.600	-2.760	30.103
3144.630	-2.780	30.469
3144.660	-2.830	30.908
3144.690	-2.860	31.201
3144.720	-2.910	31.567
3144.750	-2.900	31.787
3144.780	-2.930	32.080
3144.810	-2.940	32.373
3144.840	-2.950	32.520
3144.930	-2.960	32.593
3144.960	-2.970	32.666
3144.990	-2.950	32.593
3145.050	-2.940	32.520
3145.080	-2.920	32.373
3145.110	-2.900	32.080
3145.140	-2.890	31.714
3145.170	-2.850	31.348
3145.200	-2.810	31.055
3145.230	-2.760	30.396
3145.260	-2.710	30.176
3145.290	-2.680	29.443
3145.320	-2.620	29.004
3145.350	-2.550	28.638
3145.380	-2.490	27.832
3145.410	-2.410	26.880
3145.440	-2.330	26.660
3145.470	-2.270	25.562
3145.500	-2.190	24.902
3145.530	-2.110	24.097
3145.560	-2.030	22.778
3145.590	-1.930	21.606
3145.620	-1.820	20.435
3145.650	-1.720	19.849
3145.680	-1.620	18.604
3145.710	-1.520	17.285
3145.740	-1.420	16.479
3145.770	-1.310	15.454
3145.800	-1.200	13.989
3145.830	-1.040	12.744
3145.860	-0.960	11.353
3145.890	-0.820	9.741
3145.920	-0.690	8.569
3145.950	-0.570	7.178
3145.980	-0.430	5.347
3146.010	-0.310	3.809
3146.040	-0.160	2.490
3146.070	-0.020	0.952
3146.100	0.090	-0.220
3146.130	0.220	-1.392
3146.160	0.340	-2.930
3146.190	0.460	-4.468
3146.220	0.600	-6.006
3146.250	0.700	-7.397
3146.280	0.810	-8.350
3146.310	0.910	-9.521
3146.340	0.990	-10.767
3146.370	1.090	-11.792
3146.400	1.160	-12.671
3146.430	1.240	-13.696
3146.460	1.340	-14.795
3146.490	1.430	-15.601
3146.520	1.510	-16.772
3146.550	1.600	-17.358
3146.580	1.690	-18.091
3146.610	1.770	-19.043
3146.640	1.830	-20.361
3146.670	1.920	-20.947
3146.700	1.980	-22.119
3146.730	2.070	-22.705
3146.760	2.120	-23.511
3146.790	2.210	-24.390
3146.820	2.240	-24.902
3146.850	2.330	-25.781
3146.880	2.360	-26.074
3146.910	2.430	-26.733
3146.940	2.480	-27.539
3146.970	2.510	-28.052
3147.000	2.570	-28.638
3147.030	2.620	-28.931
3147.060	2.640	-29.517
3147.090	2.670	-29.883
3147.120	2.720	-30.103
3147.150	2.740	-30.322
3147.180	2.730	-30.835
3147.210	2.770	-31.055
3147.240	2.820	-31.274
3147.270	2.810	-31.494
3147.300	2.770	-31.714
3147.330	2.790	-31.641
3147.360	2.830	-31.567
3147.390	2.800	-31.567
3147.420	2.780	-31.421
3147.450	2.770	-31.348
3147.480	2.760	-30.981
3147.510	2.750	-30.981
3147.540	2.730	-30.835
3147.570	2.710	-30.322
3147.600	2.650	-30.176
3147.630	2.630	-30.029
3147.660	2.610	-29.517
3147.690	2.560	-28.638
3147.720	2.500	-28.418
3147.750	2.440	-27.979
3147.780	2.410	-27.393
3147.810	2.360	-26.660
3147.840	2.260	-26.221
3147.870	2.230	-25.488
3147.900	2.190	-24.463
3147.930	2.070	-24.023
3147.960	2.020	-23.364
3147.990	1.960	-22.485
3148.020	1.850	-21.899
3148.050	1.710	-20.874
3148.080	1.720	-19.702
3148.110	1.620	-18.823
3148.140	1.500	-17.944
3148.170	1.420	-16.699
3148.200	1.330	-15.674
3148.230	1.200	-14.575
3148.260	1.090	-13.550
3148.290	1.010	-12.231
3148.320	0.900	-10.767
3148.350	0.780	-10.034
3148.380	0.670	-8.569
3148.410	0.560	-7.397
3148.440	0.460	-6.445
3148.470	0.340	-4.980
3148.500	0.210	-3.662
3148.530	0.110	-2.124
3148.560	-0.010	-1.172
3148.590	-0.120	0.146
3148.620	-0.220	1.318
3148.650	-0.310	2.271
3148.680	-0.410	3.442
3148.710	-0.500	4.614
3148.740	-0.580	5.713
3148.770	-0.650	6.445
3148.800	-0.740	7.397
3148.830	-0.840	8.643
3148.860	-0.920	9.302
3148.890	-1.000	10.547
3148.920	-1.100	11.133
3148.950	-1.190	12.158
3148.980	-1.290	13.550
3149.010	-1.340	14.136
3149.040	-1.450	15.234
3149.070	-1.510	16.040
3149.100	-1.620	16.772
3149.130	-1.660	17.798
3149.160	-1.750	18.604
3149.190	-1.870	19.556
3149.220	-1.910	20.142
3149.250	-1.980	21.240
3149.280	-2.050	21.826
3149.310	-2.090	22.632
3149.340	-2.180	23.364
3149.370	-2.210	24.097
3149.400	-2.290	24.976
3149.430	-2.350	25.342
3149.460	-2.420	26.074
3149.490	-2.470	26.440
3149.520	-2.490	26.733
3149.550	-2.560	27.686
3149.580	-2.570	28.052
3149.610	-2.610	28.418
3149.640	-2.660	28.931
3149.670	-2.680	29.590
3149.700	-2.720	29.736
3149.760	-2.750	30.103
3149.790	-2.770	30.469
3149.820	-2.790	30.542
3149.850	-2.810	30.688
3149.880	-2.820	30.981
3149.910	-2.830	30.835
3150.030	-2.820	30.835
3150.060	-2.800	30.762
3150.090	-2.780	30.615
3150.120	-2.750	30.469
3150.150	-2.720	30.249
3150.180	-2.700	29.736
3150.210	-2.660	29.517
3150.240	-2.610	29.370
3150.270	-2.560	28.345
3150.300	-2.520	27.905
3150.330	-2.460	27.173
3150.360	-2.400	26.660
3150.390	-2.330	26.147
3150.420	-2.250	25.415
3150.450	-2.180	24.683
3150.480	-2.100	23.877
3150.510	-2.020	22.852
3150.540	-1.950	21.753
3150.570	-1.850	21.094
3150.600	-1.760	20.142
3150.630	-1.650	18.970
3150.660	-1.580	17.725
3150.690	-1.470	16.919
3150.720	-1.350	15.527
3150.750	-1.240	14.429
3150.780	-1.140	12.964
3150.810	-1.020	12.158
3150.840	-0.880	10.986
3150.870	-0.810	9.521
3150.900	-0.650	8.276
3150.930	-0.560	6.812
3150.960	-0.410	5.200
3150.990	-0.260	3.735
3151.020	-0.160	2.271
3151.080	0.130	-0.293
3151.110	0.250	-1.758
3151.140	0.370	-3.149
3151.170	0.480	-4.834
3151.200	0.610	-6.226
3151.230	0.720	-7.397
3151.260	0.810	-8.496
3151.290	0.910	-9.668
3151.320	1.000	-10.474
3151.350	1.080	-11.792
3151.380	1.160	-12.891
3151.410	1.250	-13.696
3151.440	1.350	-14.722
3151.470	1.440	-15.747
3151.500	1.520	-16.479
3151.530	1.620	-17.432
3151.560	1.700	-18.457
3151.590	1.760	-19.556
3151.620	1.850	-20.142
3151.650	1.920	-21.094
3151.680	1.990	-22.119
3151.710	2.080	-22.852
3151.740	2.140	-23.584
3151.770	2.220	-24.316
3151.800	2.280	-24.976
3151.830	2.340	-25.781
3151.860	2.390	-26.440
3151.890	2.430	-27.026
3151.920	2.510	-27.686
3151.950	2.540	-28.271
3151.980	2.600	-28.638
3152.010	2.650	-29.370
3152.040	2.670	-29.956
3152.070	2.690	-30.396
3152.100	2.760	-30.762
3152.130	2.770	-31.201
3152.160	2.760	-31.567
3152.190	2.790	-31.787
3152.220	2.840	-31.860
3152.250	2.850	-32.007
3152.280	2.810	-32.080
3152.310	2.850	-32.227
3152.340	2.880	-31.934
3152.370	2.840	-32.080
3152.430	2.830	-31.714
3152.460	2.810	-31.714
3152.520	2.790	-31.274
3152.550	2.770	-31.055
3152.580	2.720	-30.762
3152.610	2.700	-30.469
3152.640	2.680	-30.176
3152.670	2.650	-29.590
3152.700	2.590	-29.297
3152.730	2.520	-28.931
3152.760	2.490	-28.271
3152.790	2.470	-27.832
3152.820	2.360	-27.100
3152.850	2.310	-26.514
3152.880	2.290	-26.147
3152.910	2.180	-25.342
3152.940	2.100	-24.829
3152.970	2.080	-23.877
3153.000	1.970	-22.778
3153.030	1.890	-21.899
3153.060	1.810	-20.801
3153.090	1.740	-20.142
3153.120	1.620	-19.336
3153.150	1.530	-18.311
3153.180	1.440	-17.432
3153.210	1.350	-16.260
3153.240	1.230	-14.795
3153.270	1.140	-13.916
3153.300	1.040	-12.524
3153.330	0.930	-11.572
3153.360	0.800	-10.474
3153.390	0.690	-8.936
3153.420	0.580	-7.544
3153.450	0.450	-6.372
3153.480	0.330	-4.980
3153.510	0.220	-3.809
3153.540	0.110	-2.417
3153.600	-0.110	0.073
3153.630	-0.200	1.318
3153.660	-0.300	2.344
3153.690	-0.390	3.516
3153.720	-0.500	4.175
3153.750	-0.580	5.347
3153.780	-0.670	6.226
3153.810	-0.760	7.764
3153.840	-0.850	8.569
3153.870	-0.950	9.521
3153.900	-1.030	10.547
3153.930	-1.120	11.646
3153.960	-1.200	12.378
3153.990	-1.280	13.257
3154.020	-1.370	14.355
3154.050	-1.440	15.234
3154.080	-1.530	16.260
3154.110	-1.610	16.992
3154.140	-1.660	18.018
3154.170	-1.780	18.677
3154.200	-1.810	19.775
3154.230	-1.900	20.215
3154.260	-1.990	21.021
3154.290	-2.030	21.826
3154.320	-2.100	22.412
3154.350	-2.170	23.291
3154.380	-2.220	23.950
3154.410	-2.280	24.756
3154.440	-2.340	25.415
3154.470	-2.410	25.562
3154.500	-2.430	26.587
3154.530	-2.470	26.733
3154.560	-2.520	27.393
3154.590	-2.540	27.539
3154.620	-2.590	28.125
3154.650	-2.610	28.418
3154.680	-2.630	28.711
3154.710	-2.660	29.004
3154.740	-2.670	29.663
3154.770	-2.700	29.883
3154.800	-2.710	29.736
