%Time (sec)	TC 1 - Near Chiller	TC 2	TC 3	TC 4	TC 5	TC 6	TC 7	TC 8 - Near Heater							10/26/2017	3:39 PM
0.0	12.1	11.8	11.8	11.8	12.0	11.8	12.1	12.0
10.0	12.1	11.8	11.8	11.8	12.0	11.8	12.1	12.0
20.0	12.1	11.8	11.8	11.8	12.0	11.8	12.1	12.0
30.0	12.1	11.8	11.8	11.8	12.0	11.8	12.1	12.0
40.0	12.1	11.8	11.8	11.8	12.0	11.8	12.1	12.0
50.0	12.1	11.8	11.8	11.8	12.0	11.8	12.1	12.0
60.0	12.1	11.8	11.8	11.8	12.0	11.8	12.1	12.0
70.0	12.1	11.8	11.8	11.8	12.0	11.8	12.1	12.0
80.0	12.1	11.8	11.8	11.8	12.0	11.8	12.1	12.0
90.0	12.1	11.8	11.8	11.8	12.0	11.9	12.1	12.1
100.0	12.1	11.8	11.8	11.8	12.0	11.9	12.2	12.2
110.0	12.1	11.8	11.8	11.9	12.0	12.0	12.2	12.3
120.0	12.1	11.9	11.8	11.9	12.1	12.1	12.4	12.5
130.0	12.1	11.9	11.9	12.0	12.2	12.2	12.5	12.7
140.0	12.1	11.9	12.0	12.1	12.3	12.4	12.7	13.0
150.0	12.2	12.0	12.1	12.2	12.4	12.6	12.8	13.2
160.0	12.2	12.1	12.2	12.3	12.5	12.8	13.0	13.4
170.0	12.3	12.2	12.3	12.4	12.7	12.9	13.2	13.7
180.0	12.3	12.2	12.4	12.6	12.8	13.1	13.4	13.9
190.0	12.4	12.3	12.5	12.7	13.0	13.3	13.6	14.2
200.0	12.5	12.4	12.6	12.9	13.2	13.5	13.8	14.4
210.0	12.5	12.5	12.7	13.0	13.3	13.7	14.1	14.7
220.0	12.6	12.6	12.9	13.2	13.5	13.9	14.3	14.9
230.0	12.6	12.7	13.0	13.3	13.6	14.1	14.5	15.1
240.0	12.7	12.8	13.1	13.4	13.8	14.3	14.7	15.4
250.0	12.8	12.9	13.2	13.6	14.0	14.5	14.9	15.6
260.0	12.9	13.0	13.3	13.7	14.1	14.7	15.1	15.8
270.0	12.9	13.1	13.5	13.9	14.3	14.9	15.3	16.0
280.0	13.0	13.2	13.6	14.0	14.4	15.0	15.4	16.2
290.0	13.1	13.3	13.7	14.1	14.6	15.2	15.6	16.4
300.0	13.1	13.4	13.8	14.3	14.7	15.4	15.8	16.6
310.0	13.2	13.5	13.9	14.4	14.8	15.5	16.0	16.8
320.0	13.3	13.5	14.0	14.5	15.0	15.7	16.1	16.9
330.0	13.3	13.6	14.1	14.6	15.1	15.8	16.3	17.1
340.0	13.4	13.7	14.2	14.7	15.2	15.9	16.4	17.2
350.0	13.4	13.8	14.3	14.8	15.4	16.1	16.6	17.4
360.0	13.5	13.8	14.4	14.9	15.5	16.2	16.7	17.5
370.0	13.5	13.9	14.4	15.0	15.6	16.3	16.9	17.7
380.0	13.6	14.0	14.5	15.1	15.7	16.5	17.0	17.8
390.0	13.7	14.0	14.6	15.2	15.8	16.6	17.1	18.0
400.0	13.7	14.1	14.7	15.3	15.9	16.7	17.2	18.1
410.0	13.7	14.2	14.7	15.4	16.0	16.8	17.3	18.2
420.0	13.8	14.2	14.8	15.4	16.1	16.9	17.5	18.3
430.0	13.8	14.3	14.9	15.5	16.2	17.0	17.6	18.4
440.0	13.9	14.3	14.9	15.6	16.3	17.1	17.7	18.5
450.0	13.9	14.4	15.0	15.7	16.4	17.2	17.8	18.7
460.0	14.0	14.4	15.1	15.7	16.4	17.2	17.9	18.8
470.0	14.0	14.5	15.1	15.8	16.5	17.3	18.0	18.9
480.0	14.0	14.5	15.2	15.9	16.6	17.4	18.1	19.0
490.0	14.1	14.6	15.2	15.9	16.6	17.5	18.1	19.0
500.0	14.1	14.6	15.3	16.0	16.7	17.6	18.2	19.1
510.0	14.1	14.7	15.3	16.1	16.8	17.6	18.3	19.2
520.0	14.2	14.7	15.4	16.1	16.9	17.7	18.4	19.3
530.0	14.2	14.7	15.4	16.2	16.9	17.8	18.5	19.4
540.0	14.2	14.8	15.5	16.2	17.0	17.8	18.5	19.4
550.0	14.2	14.8	15.5	16.2	17.0	17.9	18.6	19.5
560.0	14.3	14.8	15.6	16.3	17.1	18.0	18.7	19.6
570.0	14.3	14.9	15.6	16.4	17.1	18.0	18.7	19.7
580.0	14.3	14.9	15.6	16.4	17.2	18.1	18.8	19.7
590.0	14.4	14.9	15.7	16.4	17.2	18.1	18.8	19.8
600.0	14.4	15.0	15.7	16.5	17.3	18.2	18.9	19.8
610.0	14.4	15.0	15.7	16.5	17.3	18.2	18.9	19.9
620.0	14.4	15.0	15.8	16.5	17.4	18.3	19.0	20.0
630.0	14.5	15.0	15.8	16.6	17.4	18.3	19.1	20.0
640.0	14.5	15.1	15.8	16.6	17.5	18.3	19.1	20.1
650.0	14.5	15.1	15.9	16.7	17.5	18.4	19.2	20.1
660.0	14.5	15.1	15.9	16.7	17.5	18.4	19.2	20.2
670.0	14.6	15.2	15.9	16.7	17.6	18.5	19.3	20.2
680.0	14.6	15.2	15.9	16.8	17.6	18.5	19.3	20.3
690.0	14.6	15.2	16.0	16.8	17.6	18.6	19.3	20.3
700.0	14.6	15.2	16.0	16.8	17.7	18.6	19.4	20.3
710.0	14.6	15.2	16.0	16.8	17.7	18.6	19.4	20.4
720.0	14.6	15.3	16.0	16.9	17.7	18.6	19.5	20.4
730.0	14.7	15.3	16.1	16.9	17.8	18.7	19.5	20.5
740.0	14.7	15.3	16.1	16.9	17.8	18.7	19.5	20.5
750.0	14.7	15.3	16.1	16.9	17.8	18.7	19.6	20.5
760.0	14.7	15.3	16.1	17.0	17.8	18.8	19.6	20.6
770.0	14.7	15.3	16.1	17.0	17.9	18.8	19.6	20.6
780.0	14.7	15.3	16.1	17.0	17.9	18.8	19.7	20.6
790.0	14.7	15.4	16.2	17.0	17.9	18.9	19.7	20.7
800.0	14.7	15.4	16.2	17.1	18.0	18.9	19.7	20.7
810.0	14.8	15.4	16.2	17.1	18.0	18.9	19.7	20.7
820.0	14.8	15.4	16.2	17.1	18.0	18.9	19.8	20.7
830.0	14.8	15.4	16.3	17.1	18.0	19.0	19.8	20.8
840.0	14.8	15.4	16.3	17.1	18.0	19.0	19.8	20.8
850.0	14.8	15.5	16.3	17.1	18.1	19.0	19.8	20.8
860.0	14.8	15.5	16.3	17.2	18.1	19.0	19.9	20.9
870.0	14.8	15.5	16.3	17.2	18.1	19.0	19.9	20.9
880.0	14.8	15.5	16.3	17.2	18.1	19.1	19.9	20.9
890.0	14.9	15.5	16.3	17.2	18.1	19.1	19.9	20.9
900.0	14.9	15.5	16.3	17.2	18.1	19.1	19.9	20.9
910.0	14.9	15.5	16.4	17.2	18.2	19.1	20.0	21.0
920.0	14.9	15.5	16.4	17.2	18.2	19.1	20.0	21.0
930.0	14.9	15.5	16.4	17.3	18.2	19.1	20.0	21.0
940.0	14.9	15.5	16.4	17.3	18.2	19.1	20.0	21.0
950.0	14.9	15.6	16.4	17.3	18.2	19.2	20.0	21.0
960.0	14.9	15.6	16.4	17.3	18.2	19.2	20.1	21.1
970.0	14.9	15.6	16.4	17.3	18.2	19.2	20.1	21.1
980.0	14.9	15.6	16.4	17.3	18.3	19.2	20.1	21.1
990.0	14.9	15.6	16.4	17.3	18.3	19.2	20.1	21.1
1000.0	14.9	15.6	16.5	17.3	18.3	19.2	20.1	21.1
1010.0	14.9	15.6	16.5	17.4	18.3	19.2	20.1	21.1
1020.0	14.9	15.6	16.5	17.4	18.3	19.3	20.2	21.2
1030.0	14.9	15.6	16.5	17.4	18.3	19.3	20.2	21.2
1040.0	15.0	15.6	16.5	17.4	18.3	19.3	20.2	21.2
1050.0	15.0	15.6	16.5	17.4	18.3	19.3	20.2	21.2
1060.0	15.0	15.6	16.5	17.4	18.4	19.3	20.2	21.2
1070.0	15.0	15.6	16.5	17.4	18.4	19.3	20.2	21.2
1080.0	15.0	15.6	16.5	17.4	18.4	19.3	20.2	21.2
1090.0	15.0	15.7	16.5	17.4	18.4	19.3	20.2	21.3
1100.0	15.0	15.7	16.5	17.4	18.4	19.3	20.2	21.3
1110.0	15.0	15.7	16.5	17.4	18.4	19.4	20.3	21.3
1120.0	15.0	15.7	16.5	17.4	18.4	19.4	20.3	21.3
1130.0	15.0	15.7	16.5	17.4	18.4	19.4	20.3	21.3
1140.0	15.0	15.7	16.5	17.5	18.4	19.4	20.3	21.3
1150.0	15.0	15.7	16.6	17.5	18.4	19.4	20.3	21.3
1160.0	15.0	15.7	16.6	17.5	18.4	19.4	20.3	21.3
1170.0	15.0	15.7	16.6	17.5	18.4	19.4	20.3	21.3
1180.0	15.0	15.7	16.6	17.5	18.4	19.4	20.3	21.4
1190.0	15.0	15.7	16.6	17.5	18.5	19.4	20.3	21.4
1200.0	15.1	15.7	16.6	17.5	18.5	19.4	20.4	21.4
1210.0	15.0	15.7	16.6	17.5	18.5	19.4	20.4	21.4
1220.0	15.1	15.7	16.6	17.5	18.5	19.4	20.4	21.4
1230.0	15.1	15.7	16.6	17.5	18.5	19.4	20.4	21.4
1240.0	15.1	15.7	16.6	17.5	18.5	19.4	20.4	21.4
1250.0	15.1	15.7	16.6	17.5	18.5	19.5	20.4	21.4
1260.0	15.1	15.7	16.6	17.5	18.5	19.5	20.4	21.4
1270.0	15.0	15.7	16.6	17.5	18.5	19.5	20.4	21.4
1280.0	15.1	15.7	16.6	17.5	18.5	19.5	20.4	21.4
1290.0	15.1	15.7	16.6	17.5	18.5	19.5	20.4	21.5
1300.0	15.1	15.8	16.6	17.6	18.5	19.5	20.4	21.5
1310.0	15.1	15.8	16.6	17.6	18.5	19.5	20.4	21.5
1320.0	15.1	15.7	16.6	17.5	18.5	19.5	20.4	21.5
1330.0	15.1	15.8	16.6	17.6	18.5	19.5	20.4	21.5
1340.0	15.1	15.8	16.6	17.6	18.6	19.5	20.5	21.5
1350.0	15.1	15.8	16.6	17.6	18.5	19.5	20.4	21.5
1360.0	15.1	15.8	16.6	17.6	18.6	19.5	20.5	21.5
1370.0	15.1	15.8	16.6	17.6	18.6	19.5	20.5	21.5
1380.0	15.1	15.8	16.7	17.6	18.6	19.5	20.5	21.5
1390.0	15.1	15.8	16.7	17.6	18.6	19.5	20.5	21.5
1400.0	15.1	15.8	16.7	17.6	18.6	19.5	20.5	21.5
1410.0	15.1	15.8	16.7	17.6	18.6	19.5	20.5	21.5
1420.0	15.1	15.8	16.7	17.6	18.6	19.5	20.5	21.5
1430.0	15.1	15.8	16.7	17.6	18.6	19.6	20.5	21.5
1440.0	15.1	15.8	16.7	17.6	18.6	19.6	20.5	21.5
1450.0	15.1	15.8	16.7	17.6	18.6	19.6	20.5	21.6
1460.0	15.1	15.8	16.7	17.6	18.6	19.6	20.5	21.6
1470.0	15.1	15.8	16.7	17.6	18.6	19.6	20.5	21.6
1480.0	15.1	15.8	16.7	17.6	18.6	19.6	20.5	21.6
1490.0	15.1	15.8	16.7	17.6	18.6	19.6	20.5	21.6
1500.0	15.1	15.8	16.7	17.6	18.6	19.6	20.5	21.6
1510.0	15.1	15.8	16.7	17.6	18.6	19.6	20.5	21.6
1520.0	15.1	15.8	16.7	17.6	18.6	19.6	20.6	21.6
1530.0	15.1	15.8	16.7	17.6	18.6	19.6	20.5	21.6
1540.0	15.1	15.8	16.7	17.6	18.6	19.6	20.5	21.6
1550.0	15.1	15.8	16.7	17.6	18.6	19.6	20.6	21.6
1560.0	15.1	15.8	16.7	17.6	18.6	19.6	20.6	21.6
1570.0	15.2	15.8	16.7	17.7	18.7	19.6	20.6	21.6
1580.0	15.2	15.8	16.7	17.6	18.6	19.6	20.6	21.6
1590.0	15.1	15.8	16.7	17.6	18.6	19.6	20.6	21.6
1600.0	15.2	15.8	16.7	17.6	18.7	19.6	20.6	21.6
1610.0	15.1	15.8	16.7	17.6	18.6	19.6	20.6	21.6
1620.0	15.2	15.8	16.7	17.6	18.6	19.6	20.6	21.6
1630.0	15.2	15.8	16.7	17.7	18.7	19.6	20.6	21.6
1640.0	15.2	15.8	16.7	17.7	18.7	19.6	20.6	21.6
1650.0	15.2	15.8	16.7	17.6	18.7	19.6	20.6	21.6
1660.0	15.2	15.8	16.7	17.7	18.7	19.6	20.6	21.6
1670.0	15.1	15.8	16.7	17.7	18.7	19.6	20.6	21.6
1680.0	15.2	15.8	16.7	17.7	18.7	19.6	20.6	21.6
1690.0	15.2	15.8	16.7	17.7	18.7	19.6	20.6	21.6
1700.0	15.2	15.8	16.7	17.7	18.7	19.6	20.6	21.6
1710.0	15.2	15.8	16.7	17.7	18.7	19.6	20.6	21.6
1720.0	15.2	15.8	16.7	17.7	18.7	19.6	20.6	21.7
1730.0	15.2	15.8	16.7	17.7	18.7	19.6	20.6	21.7
1740.0	15.2	15.9	16.7	17.7	18.7	19.7	20.6	21.7
1750.0	15.2	15.8	16.7	17.7	18.7	19.6	20.6	21.7
1760.0	15.2	15.8	16.7	17.7	18.7	19.6	20.6	21.7
1770.0	15.2	15.9	16.7	17.7	18.7	19.7	20.6	21.7
1780.0	15.2	15.9	16.7	17.7	18.7	19.7	20.6	21.7
1790.0	15.2	15.8	16.7	17.7	18.7	19.7	20.6	21.7
1800.0	15.2	15.9	16.7	17.7	18.7	19.7	20.6	21.7
1810.0	15.2	15.9	16.8	17.7	18.7	19.7	20.6	21.7
1820.0	15.2	15.9	16.7	17.7	18.7	19.7	20.6	21.7
1830.0	15.2	15.9	16.8	17.7	18.7	19.7	20.6	21.7
1840.0	15.2	15.9	16.7	17.7	18.7	19.7	20.6	21.7
1850.0	15.2	15.9	16.7	17.7	18.7	19.7	20.6	21.7
1860.0	15.2	15.9	16.7	17.7	18.7	19.7	20.6	21.7
1870.0	15.2	15.9	16.8	17.7	18.7	19.7	20.6	21.7
1880.0	15.2	15.9	16.8	17.7	18.7	19.7	20.6	21.7
1890.0	15.2	15.9	16.8	17.7	18.7	19.7	20.6	21.7
1900.0	15.2	15.9	16.7	17.7	18.7	19.7	20.6	21.7
1910.0	15.2	15.9	16.8	17.7	18.7	19.7	20.7	21.7
