%Time (sec)	TC 1 - Near Chiller	TC 2	TC 3	TC 4	TC 5	TC 6	TC 7	TC 8 - Near Heater							10/18/2018	1:31 PM
0.0	9.7	9.8	9.9	10.0	10.2	10.1	10.2	10.5
10.0	9.7	9.8	9.9	10.0	10.2	10.1	10.2	10.5
20.0	9.7	9.8	9.9	10.0	10.1	10.1	10.2	10.5
30.0	9.7	9.8	9.9	10.0	10.2	10.1	10.2	10.5
40.0	9.7	9.8	9.9	10.0	10.1	10.1	10.2	10.5
50.0	9.7	9.8	9.9	10.0	10.2	10.1	10.2	10.5
60.0	9.7	9.8	9.9	10.0	10.2	10.1	10.3	10.6
70.0	9.7	9.8	9.9	10.0	10.2	10.2	10.3	10.6
80.0	9.7	9.8	9.9	10.0	10.2	10.2	10.4	10.8
90.0	9.7	9.8	9.9	10.1	10.2	10.3	10.5	10.9
100.0	9.7	9.8	9.9	10.1	10.3	10.3	10.6	11.0
110.0	9.7	9.8	10.0	10.1	10.3	10.4	10.7	11.2
120.0	9.7	9.8	10.0	10.2	10.4	10.6	10.9	11.4
130.0	9.8	9.9	10.0	10.2	10.5	10.7	11.0	11.5
140.0	9.8	9.9	10.1	10.3	10.6	10.8	11.2	11.7
150.0	9.8	10.0	10.1	10.4	10.7	10.9	11.3	11.9
160.0	9.8	10.0	10.2	10.5	10.8	11.1	11.5	12.1
170.0	9.9	10.0	10.3	10.5	10.9	11.2	11.7	12.3
180.0	9.9	10.1	10.3	10.6	11.0	11.4	11.8	12.5
190.0	9.9	10.1	10.4	10.7	11.1	11.5	12.0	12.6
200.0	10.0	10.2	10.5	10.8	11.3	11.6	12.2	12.8
210.0	10.0	10.3	10.6	10.9	11.4	11.8	12.4	13.0
220.0	10.1	10.3	10.6	11.0	11.5	11.9	12.5	13.2
230.0	10.1	10.4	10.7	11.1	11.6	12.1	12.7	13.4
240.0	10.1	10.5	10.8	11.2	11.8	12.2	12.9	13.6
250.0	10.2	10.5	10.9	11.3	11.9	12.4	13.0	13.7
260.0	10.2	10.6	11.0	11.4	12.0	12.5	13.2	13.9
270.0	10.3	10.6	11.1	11.5	12.1	12.7	13.3	14.1
280.0	10.3	10.7	11.2	11.7	12.3	12.8	13.5	14.2
290.0	10.4	10.8	11.3	11.8	12.4	12.9	13.6	14.4
300.0	10.4	10.9	11.3	11.9	12.5	13.1	13.8	14.6
310.0	10.5	10.9	11.4	11.9	12.6	13.2	14.0	14.7
320.0	10.6	11.0	11.5	12.1	12.7	13.4	14.1	14.9
330.0	10.6	11.1	11.6	12.2	12.8	13.5	14.2	15.0
340.0	10.6	11.1	11.7	12.3	12.9	13.6	14.4	15.2
350.0	10.7	11.2	11.8	12.3	13.1	13.7	14.5	15.3
360.0	10.8	11.3	11.8	12.4	13.2	13.9	14.7	15.5
370.0	10.8	11.3	11.9	12.5	13.3	14.0	14.8	15.6
380.0	10.8	11.4	12.0	12.6	13.4	14.1	14.9	15.8
390.0	10.9	11.4	12.1	12.7	13.5	14.2	15.0	15.9
400.0	10.9	11.5	12.1	12.8	13.6	14.3	15.2	16.0
410.0	11.0	11.6	12.2	12.9	13.7	14.4	15.3	16.2
420.0	11.0	11.6	12.3	13.0	13.8	14.5	15.4	16.3
430.0	11.1	11.7	12.4	13.1	13.9	14.7	15.5	16.4
440.0	11.1	11.7	12.4	13.1	14.0	14.8	15.6	16.5
450.0	11.1	11.8	12.5	13.2	14.1	14.9	15.8	16.7
460.0	11.2	11.8	12.6	13.3	14.2	15.0	15.9	16.8
470.0	11.2	11.9	12.6	13.4	14.3	15.1	16.0	16.9
480.0	11.3	11.9	12.7	13.5	14.3	15.2	16.1	17.0
490.0	11.3	12.0	12.8	13.5	14.4	15.3	16.2	17.1
500.0	11.3	12.0	12.8	13.6	14.5	15.4	16.3	17.2
510.0	11.4	12.1	12.9	13.7	14.6	15.4	16.4	17.3
520.0	11.4	12.1	13.0	13.7	14.7	15.5	16.5	17.5
530.0	11.4	12.2	13.0	13.8	14.8	15.6	16.6	17.6
540.0	11.5	12.2	13.1	13.9	14.8	15.7	16.7	17.7
550.0	11.5	12.3	13.1	14.0	14.9	15.8	16.8	17.8
560.0	11.6	12.3	13.2	14.0	15.0	15.9	16.9	17.9
570.0	11.6	12.4	13.2	14.1	15.1	16.0	17.0	18.0
580.0	11.6	12.4	13.3	14.2	15.1	16.0	17.1	18.1
590.0	11.6	12.4	13.3	14.2	15.2	16.1	17.1	18.1
600.0	11.7	12.5	13.4	14.3	15.3	16.2	17.2	18.2
610.0	11.7	12.5	13.4	14.3	15.3	16.3	17.3	18.3
620.0	11.7	12.6	13.5	14.4	15.4	16.4	17.4	18.4
630.0	11.8	12.6	13.5	14.5	15.5	16.4	17.5	18.5
640.0	11.8	12.6	13.6	14.5	15.5	16.5	17.6	18.6
650.0	11.8	12.7	13.6	14.6	15.6	16.6	17.6	18.7
660.0	11.8	12.7	13.7	14.6	15.7	16.6	17.7	18.7
670.0	11.9	12.8	13.7	14.7	15.7	16.7	17.8	18.8
680.0	11.9	12.8	13.8	14.7	15.8	16.8	17.8	18.9
690.0	11.9	12.8	13.8	14.8	15.9	16.8	17.9	19.0
700.0	12.0	12.8	13.9	14.8	15.9	16.9	18.0	19.1
710.0	12.0	12.9	13.9	14.9	16.0	17.0	18.1	19.1
720.0	12.0	12.9	13.9	14.9	16.0	17.0	18.1	19.2
730.0	12.0	13.0	14.0	15.0	16.1	17.1	18.2	19.3
740.0	12.1	13.0	14.0	15.0	16.1	17.2	18.3	19.3
750.0	12.1	13.0	14.1	15.1	16.2	17.2	18.3	19.4
760.0	12.1	13.0	14.1	15.1	16.2	17.3	18.4	19.5
770.0	12.1	13.1	14.1	15.2	16.3	17.3	18.5	19.6
780.0	12.1	13.1	14.2	15.2	16.3	17.4	18.5	19.6
790.0	12.2	13.1	14.2	15.2	16.4	17.4	18.6	19.7
800.0	12.2	13.2	14.3	15.3	16.4	17.5	18.6	19.8
810.0	12.2	13.2	14.3	15.3	16.5	17.5	18.7	19.8
820.0	12.2	13.2	14.3	15.4	16.5	17.6	18.7	19.9
830.0	12.2	13.2	14.3	15.4	16.6	17.6	18.8	19.9
840.0	12.3	13.3	14.4	15.4	16.6	17.7	18.8	20.0
850.0	12.3	13.3	14.4	15.5	16.6	17.7	18.9	20.1
860.0	12.3	13.3	14.4	15.5	16.7	17.8	18.9	20.1
870.0	12.3	13.3	14.5	15.6	16.7	17.8	19.0	20.2
880.0	12.3	13.4	14.5	15.6	16.8	17.9	19.1	20.2
890.0	12.4	13.4	14.5	15.6	16.8	17.9	19.1	20.3
900.0	12.4	13.4	14.6	15.7	16.9	18.0	19.2	20.3
910.0	12.4	13.5	14.6	15.7	16.9	18.0	19.2	20.4
920.0	12.4	13.5	14.6	15.7	16.9	18.0	19.2	20.4
930.0	12.4	13.5	14.7	15.8	17.0	18.1	19.3	20.5
940.0	12.5	13.5	14.7	15.8	17.0	18.1	19.3	20.5
950.0	12.5	13.5	14.7	15.8	17.1	18.2	19.4	20.6
960.0	12.5	13.6	14.7	15.8	17.1	18.2	19.4	20.6
970.0	12.5	13.6	14.8	15.9	17.1	18.3	19.5	20.7
980.0	12.5	13.6	14.8	15.9	17.1	18.3	19.5	20.7
990.0	12.5	13.6	14.8	15.9	17.2	18.3	19.5	20.8
1000.0	12.5	13.6	14.8	16.0	17.2	18.4	19.6	20.8
1010.0	12.6	13.7	14.9	16.0	17.2	18.4	19.6	20.9
1020.0	12.6	13.7	14.9	16.0	17.3	18.4	19.7	20.9
1030.0	12.6	13.7	14.9	16.1	17.3	18.5	19.7	20.9
1040.0	12.6	13.7	14.9	16.1	17.3	18.5	19.7	21.0
1050.0	12.6	13.7	14.9	16.1	17.4	18.5	19.8	21.0
1060.0	12.6	13.7	15.0	16.1	17.4	18.6	19.8	21.1
1070.0	12.6	13.8	15.0	16.1	17.4	18.6	19.8	21.1
1080.0	12.6	13.8	15.0	16.2	17.4	18.6	19.9	21.1
1090.0	12.7	13.8	15.0	16.2	17.5	18.6	19.9	21.2
1100.0	12.7	13.8	15.0	16.2	17.5	18.7	19.9	21.2
1110.0	12.7	13.8	15.1	16.2	17.5	18.7	20.0	21.2
1120.0	12.7	13.9	15.1	16.3	17.6	18.7	20.0	21.3
1130.0	12.7	13.9	15.1	16.3	17.6	18.8	20.0	21.3
1140.0	12.7	13.9	15.1	16.3	17.6	18.8	20.1	21.3
1150.0	12.8	13.9	15.1	16.3	17.6	18.8	20.1	21.4
1160.0	12.8	13.9	15.2	16.4	17.7	18.8	20.1	21.4
1170.0	12.8	13.9	15.2	16.4	17.7	18.9	20.2	21.5
1180.0	12.8	13.9	15.2	16.4	17.7	18.9	20.2	21.5
1190.0	12.8	13.9	15.2	16.4	17.7	18.9	20.2	21.5
1200.0	12.8	14.0	15.2	16.4	17.8	18.9	20.2	21.5
1210.0	12.8	14.0	15.2	16.5	17.8	19.0	20.3	21.6
1220.0	12.8	14.0	15.3	16.5	17.8	19.0	20.3	21.6
1230.0	12.8	14.0	15.3	16.5	17.8	19.0	20.3	21.6
1240.0	12.8	14.0	15.3	16.5	17.8	19.0	20.4	21.6
1250.0	12.9	14.0	15.3	16.5	17.9	19.1	20.4	21.7
1260.0	12.9	14.0	15.3	16.5	17.9	19.1	20.4	21.7
1270.0	12.9	14.0	15.4	16.6	17.9	19.1	20.4	21.7
1280.0	12.9	14.1	15.4	16.6	17.9	19.1	20.5	21.8
1290.0	12.9	14.1	15.4	16.6	17.9	19.2	20.5	21.8
1300.0	12.9	14.1	15.4	16.6	18.0	19.2	20.5	21.8
1310.0	12.9	14.1	15.4	16.6	18.0	19.2	20.5	21.8
1320.0	12.9	14.1	15.4	16.7	18.0	19.2	20.5	21.9
1330.0	12.9	14.1	15.4	16.7	18.0	19.2	20.6	21.9
1340.0	12.9	14.1	15.4	16.7	18.0	19.3	20.6	21.9
1350.0	12.9	14.1	15.5	16.7	18.0	19.3	20.6	21.9
1360.0	12.9	14.1	15.5	16.7	18.1	19.3	20.6	22.0
1370.0	13.0	14.2	15.5	16.7	18.1	19.3	20.6	22.0
1380.0	13.0	14.2	15.5	16.7	18.1	19.3	20.7	22.0
1390.0	13.0	14.2	15.5	16.8	18.1	19.4	20.7	22.0
1400.0	13.0	14.2	15.5	16.8	18.1	19.4	20.7	22.0
1410.0	13.0	14.2	15.5	16.8	18.1	19.4	20.7	22.1
1420.0	13.0	14.2	15.5	16.8	18.2	19.4	20.7	22.1
1430.0	13.0	14.2	15.6	16.8	18.2	19.4	20.8	22.1
1440.0	13.0	14.2	15.6	16.8	18.2	19.4	20.8	22.1
1450.0	13.0	14.2	15.6	16.8	18.2	19.5	20.8	22.2
1460.0	13.0	14.2	15.6	16.8	18.2	19.5	20.8	22.2
1470.0	13.0	14.3	15.6	16.9	18.2	19.5	20.8	22.2
1480.0	13.0	14.3	15.6	16.9	18.2	19.5	20.9	22.2
1490.0	13.0	14.3	15.6	16.9	18.2	19.5	20.9	22.2
1500.0	13.0	14.3	15.6	16.9	18.3	19.5	20.9	22.2
1510.0	13.1	14.3	15.6	16.9	18.3	19.6	20.9	22.3
1520.0	13.1	14.3	15.7	16.9	18.3	19.6	20.9	22.3
1530.0	13.1	14.3	15.7	16.9	18.3	19.6	20.9	22.3
1540.0	13.1	14.3	15.7	17.0	18.3	19.6	20.9	22.3
1550.0	13.1	14.3	15.7	17.0	18.3	19.6	21.0	22.3
1560.0	13.1	14.3	15.7	17.0	18.3	19.6	21.0	22.4
1570.0	13.1	14.3	15.7	17.0	18.4	19.6	21.0	22.4
1580.0	13.1	14.3	15.7	17.0	18.4	19.6	21.0	22.4
1590.0	13.1	14.3	15.7	17.0	18.4	19.7	21.0	22.4
1600.0	13.1	14.3	15.7	17.0	18.4	19.7	21.0	22.4
1610.0	13.1	14.4	15.7	17.0	18.4	19.7	21.1	22.4
1620.0	13.1	14.4	15.7	17.0	18.4	19.7	21.1	22.4
1630.0	13.1	14.4	15.7	17.0	18.4	19.7	21.1	22.5
1640.0	13.1	14.4	15.8	17.0	18.4	19.7	21.1	22.5
1650.0	13.1	14.4	15.8	17.1	18.4	19.7	21.1	22.5
1660.0	13.1	14.4	15.8	17.1	18.4	19.7	21.1	22.5
1670.0	13.1	14.4	15.8	17.1	18.5	19.8	21.1	22.5
1680.0	13.1	14.4	15.8	17.1	18.5	19.8	21.1	22.5
1690.0	13.2	14.4	15.8	17.1	18.5	19.8	21.2	22.5
1700.0	13.2	14.4	15.8	17.1	18.5	19.8	21.2	22.6
1710.0	13.2	14.4	15.8	17.1	18.5	19.8	21.2	22.6
1720.0	13.2	14.4	15.8	17.1	18.5	19.8	21.2	22.6
1730.0	13.2	14.4	15.8	17.1	18.5	19.8	21.2	22.6
1740.0	13.2	14.4	15.8	17.1	18.5	19.8	21.2	22.6
1750.0	13.2	14.4	15.8	17.1	18.5	19.8	21.2	22.6
1760.0	13.2	14.4	15.8	17.1	18.5	19.8	21.2	22.6
1770.0	13.2	14.4	15.9	17.1	18.6	19.9	21.2	22.7
1780.0	13.2	14.4	15.9	17.2	18.6	19.9	21.2	22.7
1790.0	13.2	14.5	15.9	17.2	18.6	19.9	21.2	22.7
1800.0	13.2	14.4	15.8	17.2	18.6	19.9	21.3	22.7
1810.0	13.2	14.5	15.9	17.2	18.6	19.9	21.3	22.7
1820.0	13.2	14.5	15.9	17.2	18.6	19.9	21.3	22.7
1830.0	13.2	14.5	15.9	17.2	18.6	19.9	21.3	22.7
1840.0	13.2	14.5	15.9	17.2	18.6	19.9	21.3	22.7
1850.0	13.2	14.5	15.9	17.2	18.6	19.9	21.3	22.7
1860.0	13.2	14.5	15.9	17.2	18.6	19.9	21.3	22.7
1870.0	13.2	14.5	15.9	17.2	18.6	19.9	21.3	22.7
1880.0	13.2	14.5	15.9	17.2	18.6	19.9	21.3	22.8
1890.0	13.2	14.5	15.9	17.2	18.6	19.9	21.3	22.8
1900.0	13.2	14.5	15.9	17.2	18.6	20.0	21.3	22.8
1910.0	13.2	14.5	15.9	17.2	18.6	20.0	21.3	22.8
1920.0	13.2	14.5	15.9	17.2	18.7	20.0	21.3	22.8
1930.0	13.2	14.5	15.9	17.2	18.7	20.0	21.4	22.8
1940.0	13.2	14.5	15.9	17.2	18.7	20.0	21.4	22.8
1950.0	13.2	14.5	15.9	17.2	18.7	20.0	21.4	22.8
1960.0	13.2	14.5	15.9	17.3	18.7	20.0	21.4	22.8
1970.0	13.2	14.5	15.9	17.3	18.7	20.0	21.4	22.8
1980.0	13.2	14.5	15.9	17.3	18.7	20.0	21.4	22.8
1990.0	13.3	14.5	16.0	17.3	18.7	20.0	21.4	22.9
2000.0	13.3	14.6	16.0	17.3	18.7	20.0	21.4	22.9
2010.0	13.2	14.5	16.0	17.3	18.7	20.0	21.4	22.9
2020.0	13.3	14.5	16.0	17.3	18.7	20.0	21.4	22.9
2030.0	13.3	14.5	16.0	17.3	18.7	20.0	21.4	22.9
2040.0	13.3	14.5	16.0	17.3	18.7	20.0	21.5	22.9
2050.0	13.3	14.6	16.0	17.3	18.7	20.1	21.5	22.9
2060.0	13.3	14.5	16.0	17.3	18.7	20.0	21.5	22.9
2070.0	13.3	14.6	16.0	17.3	18.7	20.1	21.5	22.9
2080.0	13.3	14.6	16.0	17.3	18.7	20.1	21.5	22.9
2090.0	13.3	14.6	16.0	17.3	18.7	20.1	21.5	22.9
2100.0	13.3	14.6	16.0	17.3	18.8	20.1	21.5	22.9
2110.0	13.3	14.6	16.0	17.3	18.7	20.1	21.5	22.9
2120.0	13.3	14.6	16.0	17.3	18.8	20.1	21.5	22.9
2130.0	13.3	14.6	16.0	17.3	18.8	20.1	21.5	22.9
2140.0	13.3	14.6	16.0	17.3	18.8	20.1	21.5	23.0
2150.0	13.3	14.6	16.0	17.3	18.8	20.1	21.5	22.9
2160.0	13.3	14.6	16.0	17.3	18.8	20.1	21.5	23.0
2170.0	13.3	14.6	16.0	17.3	18.8	20.1	21.5	23.0
2180.0	13.3	14.6	16.0	17.3	18.8	20.1	21.5	23.0
2190.0	13.3	14.6	16.0	17.4	18.8	20.1	21.5	23.0
2200.0	13.3	14.6	16.0	17.4	18.8	20.1	21.5	23.0
2210.0	13.3	14.6	16.0	17.4	18.8	20.1	21.5	23.0
2220.0	13.3	14.6	16.0	17.4	18.8	20.1	21.6	23.0
2230.0	13.3	14.6	16.0	17.4	18.8	20.1	21.5	23.0
2240.0	13.3	14.6	16.0	17.4	18.8	20.1	21.5	23.0
2250.0	13.3	14.6	16.0	17.4	18.8	20.1	21.6	23.0
2260.0	13.3	14.6	16.0	17.4	18.8	20.1	21.6	23.0
2270.0	13.3	14.6	16.0	17.4	18.8	20.2	21.6	23.0
2280.0	13.3	14.6	16.0	17.4	18.8	20.2	21.6	23.0
2290.0	13.3	14.6	16.1	17.4	18.8	20.2	21.6	23.0
2300.0	13.3	14.6	16.0	17.4	18.8	20.2	21.6	23.0
2310.0	13.3	14.6	16.0	17.4	18.8	20.2	21.6	23.0
2320.0	13.3	14.6	16.0	17.4	18.8	20.2	21.6	23.0
2330.0	13.3	14.6	16.1	17.4	18.9	20.2	21.6	23.0
2340.0	13.3	14.6	16.0	17.4	18.8	20.2	21.6	23.0
2350.0	13.3	14.6	16.0	17.4	18.8	20.2	21.6	23.0
2360.0	13.3	14.6	16.0	17.4	18.8	20.2	21.6	23.1
2370.0	13.3	14.6	16.1	17.4	18.8	20.2	21.6	23.1
2380.0	13.3	14.6	16.1	17.4	18.8	20.2	21.6	23.1
2390.0	13.3	14.6	16.1	17.4	18.9	20.2	21.6	23.1
2400.0	13.3	14.6	16.1	17.4	18.8	20.2	21.6	23.1
2410.0	13.3	14.6	16.1	17.4	18.8	20.2	21.6	23.1
2420.0	13.3	14.6	16.1	17.4	18.9	20.2	21.6	23.1
2430.0	13.3	14.6	16.1	17.4	18.9	20.2	21.6	23.1
2440.0	13.3	14.6	16.1	17.4	18.9	20.2	21.6	23.1
2450.0	13.3	14.6	16.1	17.4	18.9	20.2	21.6	23.1
2460.0	13.3	14.6	16.1	17.4	18.9	20.2	21.6	23.1
2470.0	13.3	14.6	16.1	17.4	18.9	20.2	21.6	23.1
2480.0	13.3	14.6	16.1	17.4	18.9	20.2	21.6	23.1
2490.0	13.3	14.6	16.1	17.4	18.9	20.2	21.6	23.1
2500.0	13.3	14.6	16.1	17.4	18.9	20.2	21.6	23.1
2510.0	13.3	14.6	16.1	17.4	18.9	20.2	21.6	23.1
2520.0	13.3	14.6	16.1	17.4	18.9	20.2	21.7	23.1
2530.0	13.3	14.6	16.1	17.4	18.9	20.2	21.6	23.1
2540.0	13.3	14.6	16.1	17.4	18.9	20.2	21.7	23.1
2550.0	13.3	14.6	16.1	17.4	18.9	20.2	21.6	23.1
2560.0	13.3	14.6	16.1	17.4	18.9	20.2	21.6	23.1
2570.0	13.3	14.6	16.1	17.4	18.9	20.2	21.7	23.1
2580.0	13.3	14.6	16.1	17.4	18.9	20.2	21.7	23.1
2590.0	13.3	14.6	16.1	17.5	18.9	20.2	21.7	23.1
2600.0	13.3	14.6	16.1	17.4	18.9	20.2	21.7	23.1
2610.0	13.3	14.7	16.1	17.5	18.9	20.3	21.7	23.1
2620.0	13.3	14.6	16.1	17.4	18.9	20.2	21.7	23.1
2630.0	13.3	14.6	16.1	17.4	18.9	20.2	21.7	23.1
2640.0	13.3	14.6	16.1	17.4	18.9	20.2	21.7	23.1
2650.0	13.3	14.6	16.1	17.4	18.9	20.2	21.7	23.1
2660.0	13.3	14.7	16.1	17.4	18.9	20.2	21.7	23.1
2670.0	13.3	14.6	16.1	17.5	18.9	20.2	21.7	23.1
2680.0	13.3	14.6	16.1	17.4	18.9	20.3	21.7	23.2
2690.0	13.3	14.7	16.1	17.5	18.9	20.2	21.7	23.2
2700.0	13.4	14.7	16.1	17.5	18.9	20.3	21.7	23.2
2710.0	13.3	14.6	16.1	17.5	18.9	20.2	21.7	23.1
2720.0	13.3	14.6	16.1	17.5	18.9	20.2	21.7	23.2
2730.0	13.3	14.7	16.1	17.5	18.9	20.3	21.7	23.2
2740.0	13.3	14.6	16.1	17.5	18.9	20.3	21.7	23.2
2750.0	13.3	14.7	16.1	17.5	18.9	20.3	21.7	23.2
2760.0	13.3	14.7	16.1	17.5	18.9	20.3	21.7	23.2
2770.0	13.3	14.7	16.1	17.5	18.9	20.3	21.7	23.2
2780.0	13.3	14.7	16.1	17.5	18.9	20.3	21.7	23.2
2790.0	13.4	14.7	16.1	17.5	18.9	20.3	21.7	23.2
2800.0	13.4	14.7	16.1	17.5	18.9	20.3	21.7	23.2
2810.0	13.4	14.7	16.1	17.5	18.9	20.3	21.7	23.2
2820.0	13.4	14.7	16.1	17.5	18.9	20.3	21.7	23.2
2830.0	13.4	14.7	16.1	17.5	18.9	20.3	21.7	23.2
2840.0	13.4	14.7	16.1	17.5	18.9	20.3	21.7	23.2
2850.0	13.4	14.7	16.1	17.5	18.9	20.3	21.7	23.2
2860.0	13.4	14.7	16.1	17.5	18.9	20.3	21.7	23.2
2870.0	13.4	14.7	16.1	17.5	18.9	20.3	21.7	23.2
2880.0	13.4	14.7	16.1	17.5	18.9	20.3	21.7	23.2
2890.0	13.4	14.7	16.1	17.5	18.9	20.3	21.7	23.2
2900.0	13.4	14.7	16.1	17.5	18.9	20.3	21.7	23.2
2910.0	13.4	14.7	16.1	17.5	19.0	20.3	21.7	23.2
2920.0	13.4	14.7	16.1	17.5	18.9	20.3	21.7	23.2
2930.0	13.4	14.7	16.1	17.5	19.0	20.3	21.7	23.2
2940.0	13.4	14.7	16.1	17.5	19.0	20.3	21.7	23.2
2950.0	13.4	14.7	16.1	17.5	18.9	20.3	21.7	23.2
2960.0	13.4	14.7	16.1	17.5	19.0	20.3	21.7	23.2
2970.0	13.4	14.7	16.1	17.5	19.0	20.3	21.7	23.2
2980.0	13.4	14.7	16.1	17.5	19.0	20.3	21.7	23.2
2990.0	13.4	14.7	16.1	17.5	19.0	20.3	21.7	23.2
3000.0	13.4	14.7	16.1	17.5	19.0	20.3	21.7	23.2
3010.0	13.4	14.7	16.1	17.5	19.0	20.3	21.7	23.2
3020.0	13.4	14.7	16.1	17.5	19.0	20.3	21.7	23.2
3030.0	13.4	14.7	16.1	17.5	19.0	20.3	21.7	23.2
3040.0	13.4	14.7	16.1	17.5	19.0	20.3	21.7	23.2
3050.0	13.4	14.7	16.1	17.5	19.0	20.3	21.7	23.2
3060.0	13.4	14.7	16.1	17.5	19.0	20.3	21.7	23.2
3070.0	13.4	14.7	16.1	17.5	19.0	20.3	21.7	23.2
3080.0	13.4	14.7	16.2	17.5	19.0	20.3	21.8	23.2
3090.0	13.4	14.7	16.1	17.5	19.0	20.3	21.7	23.2
3100.0	13.4	14.7	16.1	17.5	19.0	20.3	21.7	23.2
3110.0	13.4	14.7	16.1	17.5	19.0	20.3	21.8	23.2
3120.0	13.4	14.7	16.1	17.5	19.0	20.3	21.7	23.2
3130.0	13.4	14.7	16.1	17.5	19.0	20.3	21.8	23.2
3140.0	13.4	14.7	16.1	17.5	19.0	20.3	21.8	23.2
3150.0	13.4	14.7	16.2	17.5	19.0	20.3	21.8	23.2
3160.0	13.4	14.7	16.1	17.5	19.0	20.3	21.8	23.2
3170.0	13.4	14.7	16.1	17.5	19.0	20.3	21.8	23.2
3180.0	13.4	14.7	16.2	17.5	19.0	20.3	21.8	23.2
3190.0	13.4	14.7	16.1	17.5	19.0	20.3	21.8	23.2
3200.0	13.4	14.7	16.1	17.5	19.0	20.3	21.8	23.2
3210.0	13.4	14.7	16.2	17.5	19.0	20.3	21.8	23.2
3220.0	13.4	14.7	16.1	17.5	19.0	20.3	21.8	23.2
3230.0	13.4	14.7	16.2	17.5	19.0	20.3	21.8	23.2
3240.0	13.4	14.7	16.2	17.5	19.0	20.3	21.8	23.2
3250.0	13.4	14.7	16.1	17.5	19.0	20.3	21.7	23.2
3260.0	13.4	14.7	16.1	17.5	19.0	20.3	21.8	23.2
3270.0	13.4	14.7	16.2	17.5	19.0	20.3	21.8	23.2
3280.0	13.4	14.7	16.2	17.5	19.0	20.3	21.8	23.2
3290.0	13.4	14.7	16.1	17.5	19.0	20.3	21.8	23.2
3300.0	13.4	14.7	16.2	17.5	19.0	20.3	21.8	23.2
3310.0	13.4	14.7	16.2	17.5	19.0	20.3	21.8	23.2
3320.0	13.4	14.7	16.2	17.5	19.0	20.3	21.8	23.2
3330.0	13.4	14.7	16.2	17.5	19.0	20.3	21.8	23.3
3340.0	13.4	14.7	16.1	17.5	19.0	20.3	21.8	23.3
3350.0	13.4	14.7	16.2	17.5	19.0	20.3	21.8	23.3
3360.0	13.4	14.7	16.2	17.5	19.0	20.3	21.8	23.3
3370.0	13.4	14.7	16.2	17.5	19.0	20.3	21.8	23.3
3380.0	13.4	14.7	16.2	17.5	19.0	20.3	21.8	23.3
3390.0	13.4	14.7	16.2	17.5	19.0	20.3	21.8	23.3
3400.0	13.4	14.7	16.2	17.5	19.0	20.3	21.8	23.2
3410.0	13.4	14.7	16.2	17.5	19.0	20.3	21.8	23.3
3420.0	13.4	14.7	16.2	17.5	19.0	20.3	21.8	23.3
3430.0	13.4	14.7	16.2	17.5	19.0	20.3	21.8	23.3
3440.0	13.4	14.7	16.2	17.5	19.0	20.3	21.8	23.3
3450.0	13.4	14.7	16.2	17.5	19.0	20.3	21.8	23.3
3460.0	13.4	14.7	16.2	17.5	19.0	20.3	21.8	23.3
3470.0	13.4	14.7	16.2	17.5	19.0	20.4	21.8	23.3
3480.0	13.4	14.7	16.2	17.5	19.0	20.3	21.8	23.3
3490.0	13.4	14.7	16.2	17.5	19.0	20.3	21.8	23.3
3500.0	13.4	14.7	16.2	17.5	19.0	20.3	21.8	23.3
3510.0	13.4	14.7	16.2	17.5	19.0	20.3	21.8	23.3
3520.0	13.4	14.7	16.2	17.5	19.0	20.3	21.8	23.3
3530.0	13.4	14.7	16.2	17.5	19.0	20.3	21.8	23.3
3540.0	13.4	14.7	16.2	17.5	19.0	20.3	21.8	23.3
3550.0	13.4	14.7	16.2	17.5	19.0	20.4	21.8	23.3
3560.0	13.4	14.7	16.2	17.5	19.0	20.3	21.8	23.3
3570.0	13.4	14.7	16.2	17.5	19.0	20.3	21.8	23.3
3580.0	13.4	14.7	16.2	17.5	19.0	20.3	21.8	23.3
3590.0	13.4	14.7	16.2	17.6	19.0	20.4	21.8	23.3
3600.0	13.4	14.7	16.2	17.5	19.0	20.4	21.8	23.3
3610.0	13.4	14.7	16.2	17.5	19.0	20.4	21.8	23.3
3620.0	13.4	14.7	16.2	17.5	19.0	20.4	21.8	23.3
3630.0	13.4	14.7	16.2	17.6	19.0	20.4	21.8	23.3
3640.0	13.4	14.7	16.2	17.5	19.0	20.4	21.8	23.3
3650.0	13.4	14.7	16.2	17.5	19.0	20.4	21.8	23.3
3660.0	13.4	14.7	16.2	17.6	19.0	20.4	21.8	23.3
3670.0	13.4	14.7	16.2	17.5	19.0	20.4	21.8	23.3
3680.0	13.4	14.7	16.2	17.5	19.0	20.4	21.8	23.3
3690.0	13.4	14.7	16.2	17.6	19.0	20.4	21.8	23.3
3700.0	13.4	14.7	16.2	17.6	19.0	20.4	21.8	23.3
3710.0	13.4	14.7	16.2	17.6	19.0	20.4	21.8	23.3
3720.0	13.4	14.7	16.2	17.6	19.0	20.4	21.8	23.3
3730.0	13.4	14.7	16.2	17.6	19.0	20.4	21.8	23.3
3740.0	13.4	14.7	16.2	17.5	19.0	20.4	21.8	23.3
3750.0	13.4	14.7	16.2	17.5	19.0	20.4	21.8	23.3
3760.0	13.4	14.7	16.2	17.6	19.0	20.4	21.8	23.3
3770.0	13.4	14.7	16.2	17.5	19.0	20.4	21.8	23.3
3780.0	13.4	14.7	16.2	17.5	19.0	20.4	21.8	23.3
3790.0	13.4	14.7	16.2	17.5	19.0	20.4	21.8	23.3
3800.0	13.4	14.7	16.2	17.6	19.0	20.4	21.8	23.3
3810.0	13.4	14.7	16.2	17.6	19.0	20.4	21.8	23.3
3820.0	13.4	14.7	16.2	17.6	19.0	20.4	21.8	23.3
3830.0	13.4	14.7	16.2	17.6	19.0	20.4	21.8	23.3
3840.0	13.4	14.7	16.2	17.6	19.0	20.4	21.8	23.3
3850.0	13.4	14.7	16.2	17.6	19.0	20.4	21.8	23.3
3860.0	13.4	14.7	16.2	17.6	19.0	20.4	21.8	23.3
3870.0	13.4	14.7	16.2	17.6	19.0	20.4	21.8	23.3
3880.0	13.4	14.7	16.2	17.6	19.0	20.4	21.8	23.3
3890.0	13.4	14.7	16.2	17.6	19.0	20.4	21.8	23.3
3900.0	13.4	14.7	16.2	17.6	19.0	20.4	21.8	23.3
3910.0	13.4	14.7	16.2	17.6	19.0	20.4	21.8	23.3
3920.0	13.4	14.7	16.2	17.6	19.0	20.4	21.8	23.3
3930.0	13.4	14.7	16.2	17.6	19.0	20.4	21.8	23.3
3940.0	13.4	14.7	16.2	17.6	19.0	20.4	21.8	23.3
3950.0	13.4	14.7	16.2	17.6	19.0	20.4	21.8	23.3
3960.0	13.4	14.7	16.2	17.6	19.0	20.4	21.8	23.3
3970.0	13.4	14.7	16.2	17.6	19.1	20.4	21.8	23.3
3980.0	13.4	14.7	16.2	17.6	19.0	20.4	21.8	23.3
3990.0	13.4	14.7	16.2	17.6	19.0	20.4	21.8	23.3
4000.0	13.4	14.7	16.2	17.6	19.0	20.4	21.8	23.3
4010.0	13.4	14.7	16.2	17.6	19.0	20.4	21.8	23.3
4020.0	13.4	14.7	16.2	17.6	19.1	20.4	21.8	23.3
4030.0	13.4	14.7	16.2	17.6	19.0	20.4	21.8	23.3
4040.0	13.4	14.7	16.2	17.6	19.0	20.4	21.8	23.3
4050.0	13.4	14.7	16.2	17.6	19.0	20.4	21.8	23.3
4060.0	13.4	14.7	16.2	17.6	19.0	20.4	21.8	23.3
4070.0	13.4	14.7	16.2	17.6	19.0	20.4	21.8	23.3
4080.0	13.4	14.7	16.2	17.6	19.0	20.4	21.8	23.3
4090.0	13.4	14.7	16.2	17.6	19.1	20.4	21.8	23.3
4100.0	13.4	14.7	16.2	17.6	19.0	20.4	21.8	23.3
4110.0	13.4	14.7	16.2	17.6	19.1	20.4	21.8	23.3
4120.0	13.4	14.7	16.2	17.6	19.0	20.4	21.8	23.3
4130.0	13.4	14.7	16.2	17.6	19.0	20.4	21.8	23.3
4140.0	13.4	14.7	16.2	17.6	19.0	20.4	21.8	23.3
4150.0	13.4	14.7	16.2	17.6	19.0	20.4	21.8	23.3
4160.0	13.4	14.8	16.2	17.6	19.1	20.4	21.8	23.3
4170.0	13.4	14.7	16.2	17.6	19.0	20.4	21.8	23.3
4180.0	13.4	14.7	16.2	17.6	19.0	20.4	21.8	23.3
4190.0	13.4	14.7	16.2	17.6	19.0	20.4	21.8	23.3
4200.0	13.4	14.8	16.2	17.6	19.1	20.4	21.8	23.3
4210.0	13.4	14.8	16.2	17.6	19.0	20.4	21.8	23.3
4220.0	13.4	14.7	16.2	17.6	19.1	20.4	21.9	23.3
4230.0	13.4	14.7	16.2	17.6	19.1	20.4	21.8	23.3
4240.0	13.4	14.8	16.2	17.6	19.1	20.4	21.9	23.3
4250.0	13.4	14.7	16.2	17.6	19.1	20.4	21.9	23.3
4260.0	13.4	14.7	16.2	17.6	19.1	20.4	21.8	23.3
4270.0	13.4	14.8	16.2	17.6	19.1	20.4	21.9	23.3
4280.0	13.4	14.7	16.2	17.6	19.0	20.4	21.8	23.3
4290.0	13.4	14.7	16.2	17.6	19.0	20.4	21.8	23.3
4300.0	13.4	14.7	16.2	17.6	19.0	20.4	21.8	23.3
4310.0	13.4	14.7	16.2	17.6	19.1	20.4	21.8	23.3
4320.0	13.4	14.7	16.2	17.6	19.0	20.4	21.8	23.3
4330.0	13.4	14.7	16.2	17.6	19.1	20.4	21.8	23.3
4340.0	13.4	14.8	16.2	17.6	19.1	20.4	21.9	23.3
4350.0	13.4	14.7	16.2	17.6	19.0	20.4	21.8	23.3
4360.0	13.4	14.7	16.2	17.6	19.0	20.4	21.8	23.3
4370.0	13.4	14.8	16.2	17.6	19.1	20.4	21.8	23.3
4380.0	13.4	14.7	16.2	17.6	19.0	20.4	21.8	23.3
4390.0	13.4	14.7	16.2	17.6	19.1	20.4	21.9	23.4
4400.0	13.4	14.7	16.2	17.6	19.1	20.4	21.8	23.3
4410.0	13.4	14.8	16.2	17.6	19.1	20.4	21.9	23.4
4420.0	13.4	14.7	16.2	17.6	19.1	20.4	21.9	23.4
4430.0	13.4	14.7	16.2	17.6	19.0	20.4	21.8	23.3
4440.0	13.4	14.7	16.2	17.6	19.0	20.4	21.8	23.3
4450.0	13.4	14.7	16.2	17.6	19.1	20.4	21.8	23.3
4460.0	13.4	14.7	16.2	17.6	19.0	20.4	21.8	23.3
4470.0	13.4	14.7	16.2	17.6	19.1	20.4	21.8	23.4
4480.0	13.4	14.8	16.2	17.6	19.1	20.4	21.8	23.3
4490.0	13.4	14.7	16.2	17.6	19.1	20.4	21.8	23.4
4500.0	13.4	14.7	16.2	17.6	19.1	20.4	21.8	23.4
4510.0	13.4	14.7	16.2	17.6	19.1	20.4	21.9	23.3
