 1024.0      3    8.4    7.8     96   6.52     80      2  279.6  297.6  280.8
 1023.0     11    9.6    7.5     87   6.39     81      2  280.9  298.6  282.0
 1007.0    142   10.2    8.2     87   6.82    105      1  282.8  301.8  283.9
 1001.0    192   10.8    7.2     78   6.40    114      1  283.9  301.8  285.0
 1000.0    200   10.8    7.0     77   6.32    115      1  283.9  301.7  285.0
  987.5    305   10.9    7.6     80   6.66    340      6  285.1  303.9  286.3
  968.0    472   11.2    8.5     83   7.24    326     14  287.0  307.5  288.3
  952.1    610   11.5    8.5     82   7.36    315     20  288.7  309.6  289.9
  925.0    852   12.0    8.5     79   7.58    330     28  291.6  313.4  292.9
  918.2    914   12.1    7.9     76   7.35    330     29  292.3  313.6  293.6
  913.0    962   12.2    7.5     73   7.17    331     28  292.9  313.7  294.1
  885.3   1219   10.8    4.4     64   5.94    335     25  294.0  311.5  295.1
  877.0   1298   10.4    3.4     62   5.60    336     25  294.4  310.9  295.4
  868.0   1384   10.2    1.2     54   4.83    337     25  295.1  309.5  295.9
  860.0   1461   10.2   -6.8     30   2.68    339     24  295.8  304.1  296.3
  856.0   1500   10.2   -5.8     32   2.91    339     24  296.2  305.2  296.7
  850.0   1558    9.6    3.6     66   5.86    340     24  296.2  313.6  297.2
  841.0   1646    9.0    4.0     71   6.10    342     24  296.5  314.6  297.6
  826.0   1795    8.2    1.2     61   5.08    344     24  297.1  312.4  298.1
  822.6   1829    7.9    1.2     62   5.10    345     24  297.2  312.5  298.1
  813.0   1926    7.2    1.2     66   5.16    342     24  297.4  312.9  298.4
  799.0   2069    6.6   -8.4     33   2.55    337     24  298.3  306.3  298.7
  792.7   2134    6.1   -7.9     36   2.66    335     24  298.4  306.7  298.9
  780.0   2266    5.0   -7.0     42   2.91    331     24  298.6  307.7  299.1
  763.7   2438    4.1   -9.2     37   2.50    325     23  299.5  307.3  299.9
  744.0   2650    3.0  -12.0     32   2.06    322     22  300.5  307.1  300.9
  739.0   2705    2.6  -11.4     35   2.17    321     22  300.6  307.6  301.0
  735.5   2743    2.2   -7.1     50   3.07    320     22  300.6  310.2  301.2
  732.0   2781    1.8   -2.8     72   4.27    320     24  300.6  313.7  301.4
  731.0   2792    1.6   -3.4     69   4.09    320     24  300.5  313.1  301.2
  726.0   2848    1.6  -10.4     41   2.40    320     27  301.1  308.7  301.5
  725.0   2859    1.6  -10.4     41   2.40    320     28  301.2  308.8  301.6
  717.0   2948    0.6   -2.8     78   4.36    320     32  301.1  314.4  301.8
  711.0   3016    0.2   -2.9     80   4.37    320     35  301.3  314.8  302.1
  708.1   3048    0.2   -1.6     88   4.84    320     37  301.7  316.5  302.6
  708.0   3050    0.2   -1.5     88   4.87    320     37  301.7  316.6  302.6
  704.0   3095    0.8   -2.6     78   4.51    320     36  302.9  316.8  303.7
  700.0   3141    0.6   -2.7     79   4.50    320     36  303.1  317.1  303.9
  692.0   3233    1.0   -4.0     69   4.13    319     36  304.6  317.5  305.3
  671.0   3480   -0.5   -6.5     64   3.52    317     37  305.6  316.7  306.2
  656.2   3658   -1.9   -6.3     72   3.64    315     38  305.9  317.5  306.6
  642.0   3832   -3.3   -6.2     80   3.77    312     37  306.3  318.2  307.0
  635.0   3918   -3.1   -8.1     68   3.29    311     37  307.5  318.0  308.1
  607.6   4267   -4.7   -9.7     68   3.02    305     36  309.5  319.3  310.0
  605.0   4300   -4.9   -9.9     68   2.99    305     36  309.7  319.4  310.2
  598.0   4392   -5.1  -12.1     58   2.54    306     36  310.5  318.8  310.9
  569.0   4780   -8.3  -16.3     53   1.89    309     37  311.1  317.5  311.5
  561.9   4877   -8.9  -16.6     54   1.87    310     37  311.6  317.8  311.9
  548.0   5070  -10.1  -17.1     57   1.84    310     37  312.4  318.6  312.7
  538.0   5212  -11.1  -21.1     44   1.33    310     37  312.8  317.4  313.1
  530.0   5327  -11.7  -21.7     43   1.28    310     37  313.4  317.9  313.7
  508.0   5650  -14.1  -20.1     60   1.53    310     36  314.4  319.6  314.6
  504.0   5710  -14.5  -21.5     55   1.37    310     36  314.6  319.3  314.8
  500.0   5770  -14.9  -21.9     55   1.33    310     36  314.8  319.4  315.1
  490.0   5922  -15.7  -23.7     50   1.16    310     36  315.6  319.7  315.9
  478.8   6096  -17.2  -24.2     54   1.13    310     35  315.9  319.9  316.1
  466.0   6299  -18.9  -24.9     59   1.09    312     39  316.2  320.1  316.4
  453.0   6508  -20.7  -27.7     53   0.87    313     43  316.5  319.7  316.7
  441.0   6706  -21.6  -30.6     44   0.68    315     47  317.8  320.3  317.9
  423.1   7010  -23.1  -35.2     32   0.46    315     39  319.7  321.4  319.8
  418.0   7099  -23.5  -36.5     29   0.40    320     39  320.3  321.8  320.4
  412.0   7205  -23.5  -38.5     24   0.33    327     39  321.6  322.9  321.7
  407.0   7294  -23.7  -37.7     26   0.37    332     38  322.5  323.9  322.6
  400.0   7420  -24.9  -37.9     29   0.37    340     38  322.5  323.9  322.6
  392.0   7567  -26.1  -39.1     28   0.33    344     38  322.8  324.1  322.9
  389.1   7620  -26.5  -41.2     24   0.27    345     38  323.0  324.0  323.0
  380.0   7792  -27.9  -47.9     13   0.13    344     37  323.4  323.9  323.4
  372.0   7944  -29.5  -49.5     13   0.11    343     37  323.2  323.7  323.2
  359.0   8198  -31.9  -43.9     29   0.22    342     35  323.3  324.1  323.3
  342.2   8534  -35.1  -44.2     39   0.22    340     34  323.4  324.3  323.5
  336.0   8662  -36.3  -44.3     43   0.22    340     36  323.4  324.3  323.5
  330.0   8788  -37.3  -43.3     54   0.25    340     38  323.8  324.7  323.8
  316.0   9086  -39.7  -44.7     59   0.23    340     42  324.4  325.3  324.5
  313.3   9144  -40.2  -45.4     58   0.21    340     43  324.5  325.4  324.6
  300.0   9440  -42.9  -48.9     52   0.15    335     44  324.8  325.4  324.8
  273.0  10067  -48.7  -55.7     44   0.07    325     41  325.2  325.6  325.3
  260.9  10363  -50.6  -57.6     43   0.06    320     40  326.7  326.9  326.7
  252.0  10589  -52.1  -59.1     43   0.05    316     47  327.7  328.0  327.7
  250.0  10640  -52.5  -59.5     42   0.05    315     48  327.9  328.1  327.9
  225.8  11278  -58.0  -65.0     40   0.03    315     62  329.2  329.3  329.2
  200.0  12040  -64.5  -71.5     38   0.01    315     60  330.5  330.5  330.5
  174.0  12877  -71.3  -78.3     35   0.01    310     63  332.7  332.7  332.7
  172.0  12946  -71.3  -77.3     41   0.01    310     63  333.8  333.8  333.8
  170.0  13015  -69.9  -76.9     35   0.01    311     63  337.2  337.2  337.2
  164.0  13229  -70.3  -77.3     35   0.01    312     64  340.0  340.1  340.0
  159.0  13413  -69.3  -76.3     36   0.01    313     64  344.7  344.8  344.7
  152.0  13681  -70.5  -77.5     35   0.01    315     65  347.1  347.1  347.1
  151.1  13716  -70.7  -77.7     35   0.01    315     65  347.4  347.4  347.4
  150.0  13760  -70.9  -77.9     35   0.01    315     63  347.8  347.8  347.8
  149.0  13800  -70.9  -77.9     35   0.01    315     61  348.4  348.5  348.4
  146.0  13921  -68.5  -76.5     31   0.01    314     56  354.6  354.7  354.6
  139.0  14218  -65.9  -75.9     24   0.01    312     43  364.2  364.2  364.2
  129.9  14630  -66.6  -77.4     21   0.01    310     26  370.2  370.2  370.2
  128.0  14718  -66.7  -77.7     20   0.01    311     29  371.4  371.5  371.4
  123.5  14935  -65.7  -78.2     16   0.01    315     38  377.2  377.2  377.2
  122.0  15009  -65.3  -78.3     15   0.01    314     36  379.1  379.2  379.1
  117.5  15240  -65.8  -79.8     13   0.01    310     31  382.3  382.3  382.3
  117.0  15264  -65.9  -79.9     13   0.01    310     31  382.6  382.6  382.6
  111.0  15586  -63.3  -79.3     10   0.01    308     29  393.2  393.3  393.3
  108.0  15754  -63.7  -80.7      8   0.01    307     28  395.6  395.6  395.6
  105.0  15928  -61.9  -79.9      7   0.01    307     27  402.2  402.2  402.2
  100.0  16230  -62.3  -82.3      5   0.00    305     25  407.1  407.1  407.1
