  972.0    450   -1.7   -1.8     99   3.46    160      6  273.7  283.2  274.2
  963.0    524   -2.1   -2.1    100   3.42    176     10  274.0  283.4  274.6
  949.0    642   -1.4   -1.4    100   3.66    200     17  275.9  286.1  276.5
  925.0    847   -0.1   -0.1    100   4.12    220     25  279.2  290.8  279.9
  899.0   1076    0.9    0.7     99   4.50    250     29  282.5  295.3  283.3
  896.0   1103    1.0    0.8     99   4.55    250     29  282.9  295.8  283.7
  891.0   1148    0.8    0.8    100   4.57    249     28  283.1  296.1  283.9
  856.0   1470   -0.1   -1.8     88   3.93    246     24  285.4  296.8  286.1
  850.0   1526   -0.3   -2.6     84   3.73    245     23  285.8  296.7  286.5
  821.0   1803   -2.0   -5.2     79   3.18    240     25  286.9  296.3  287.4
  812.0   1891   -2.5   -6.0     77   3.02    236     25  287.2  296.2  287.8
  750.0   2512   -7.3   -8.9     88   2.61    205     25  288.7  296.5  289.1
  706.0   2984  -10.9  -11.1     98   2.33    218     30  289.7  296.7  290.1
  701.0   3039   -9.5  -13.1     75   2.00    220     31  291.8  298.0  292.2
  700.0   3050   -9.5  -13.1     75   2.00    220     31  291.9  298.1  292.3
  681.0   3263  -10.1  -16.1     61   1.61    222     30  293.6  298.6  293.9
  661.0   3492  -11.4  -23.1     37   0.90    225     29  294.6  297.5  294.7
  660.0   3504  -11.5  -23.5     36   0.88    225     29  294.6  297.5  294.8
  630.0   3860  -13.9  -21.9     51   1.06    220     30  295.8  299.3  296.0
  604.0   4178  -16.7  -21.7     65   1.12    216     30  296.2  299.8  296.4
  593.0   4317  -17.5  -26.5     45   0.74    214     31  296.8  299.3  296.9
  572.0   4581  -19.7  -27.6     50   0.70    210     31  297.3  299.7  297.4
  541.0   4991  -23.1  -29.2     57   0.64    225     27  298.0  300.2  298.1
  510.0   5424  -26.7  -30.9     67   0.57    215     33  298.7  300.7  298.8
  500.0   5570  -27.9  -31.5     71   0.55    210     33  299.0  300.9  299.1
  493.0   5671  -28.9  -32.0     75   0.53    212     32  298.9  300.8  299.0
  479.0   5876  -30.0  -40.8     34   0.23    215     29  300.1  300.9  300.1
  475.0   5935  -30.3  -43.3     27   0.18    210     30  300.4  301.1  300.4
  472.0   5980  -29.9  -45.9     20   0.13    207     30  301.4  301.9  301.5
  455.0   6240  -30.1  -52.1     10   0.07    187     33  304.4  304.6  304.4
  453.0   6272  -30.2  -52.5      9   0.07    185     33  304.7  304.9  304.7
  403.0   7098  -32.3  -63.3      3   0.02    204     29  312.3  312.3  312.3
  400.0   7150  -32.7  -63.7      3   0.02    205     29  312.4  312.5  312.4
  390.0   7323  -33.6  -64.3      3   0.02    205     27  313.4  313.5  313.4
  344.0   8183  -38.4  -67.3      3   0.01    245     16  318.5  318.5  318.5
  327.0   8530  -40.3  -68.5      3   0.01    215     12  320.5  320.6  320.5
  311.0   8873  -42.1  -69.7      3   0.01    230     10  322.5  322.6  322.5
  304.0   9029  -43.0  -70.2      3   0.01    220     16  323.4  323.5  323.4
  300.0   9120  -43.5  -70.5      3   0.01    230     17  323.9  324.0  323.9
  288.0   9392  -45.0  -71.5      4   0.01    250     19  325.5  325.6  325.5
  268.0   9870  -47.8  -73.3      4   0.01    245     19  328.3  328.4  328.3
  256.0  10175  -49.5  -74.5      4   0.01    290     18  330.1  330.1  330.1
  252.0  10278  -50.4  -74.1      4   0.01    305     17  330.2  330.2  330.2
  250.0  10330  -50.9  -73.9      5   0.01    310     17  330.3  330.3  330.3
  243.0  10514  -52.5  -74.0      6   0.01    320     14  330.6  330.6  330.6
  237.0  10675  -53.9  -74.1      7   0.01    315     10  330.9  330.9  330.9
  236.0  10702  -54.1  -74.1      7   0.01    312      9  330.9  330.9  330.9
  225.0  11004  -55.8  -75.2      7   0.01    280      6  332.9  332.9  332.9
  222.0  11089  -56.2  -75.5      7   0.01    250     10  333.4  333.5  333.4
  200.0  11750  -59.9  -77.9      8   0.00    300     29  337.8  337.8  337.8
  199.0  11781  -60.1  -78.1      8   0.00    300     29  338.0  338.0  338.0
  194.0  11940  -60.9  -78.9      8   0.00    300     24  339.1  339.1  339.1
  184.0  12267  -61.5  -80.5      6   0.00    300     14  343.2  343.2  343.2
  179.0  12438  -61.9  -81.4      6   0.00    280     12  345.4  345.4  345.4
  178.0  12472  -62.0  -81.6      6   0.00    275     12  345.8  345.8  345.8
  169.0  12793  -62.6  -83.2      5   0.00    280     19  349.9  349.9  349.9
  159.0  13171  -63.3  -85.1      4   0.00    315     23  354.8  354.8  354.8
  157.0  13249  -63.5  -85.5      4   0.00    310     23  355.8  355.8  355.8
  152.0  13448  -62.9  -85.6      3   0.00    290     19  360.1  360.1  360.1
  150.0  13530  -62.7  -85.7      3   0.00    295     21  361.9  361.9  361.9
  146.0  13697  -62.6  -86.2      3   0.00    300     27  364.9  364.9  364.9
  144.0  13782  -62.5  -86.5      3   0.00    297     26  366.5  366.5  366.5
  139.0  13998  -63.2  -86.8      3   0.00    290     23  369.0  369.0  369.0
  134.0  14223  -63.9  -87.1      3   0.00    275     31  371.7  371.7  371.7
  127.0  14551  -64.9  -87.5      3   0.00    285     41  375.6  375.6  375.6
  119.0  14949  -66.1  -88.1      3   0.00    297     35  380.4  380.4  380.4
  117.0  15053  -65.5  -88.2      3   0.00    300     33  383.2  383.3  383.2
  111.0  15375  -63.8  -88.5      2   0.00    280     25  392.3  392.3  392.3
  110.0  15430  -63.5  -88.5      2   0.00    280     25  393.9  393.9  393.9
  100.0  16010  -67.5  -88.5      4   0.00    275     27  397.1  397.1  397.1
   99.6  16034  -67.7  -88.7      4   0.00    275     27  397.1  397.1  397.1
   86.0  16921  -65.2  -89.9      2   0.00    280     37  419.3  419.3  419.3
   84.0  17064  -64.8  -90.0      2   0.00    290     45  422.9  422.9  422.9
   81.0  17283  -64.1  -90.3      2   0.00    295     35  428.6  428.6  428.6
   75.5  17708  -62.9  -90.9      1   0.00    286     28  439.9  439.9  439.9
   72.0  17998  -63.4  -90.8      1   0.00    280     23  444.8  444.8  444.8
   70.0  18170  -63.7  -90.7      1   0.00    285     29  447.8  447.8  447.8
   66.0  18529  -64.3  -90.9      2   0.00    300     39  454.0  454.0  454.0
   62.0  18910  -65.0  -91.1      2   0.00    280     31  460.7  460.7  460.7
   56.0  19531  -66.1  -91.5      2   0.00    305     27  471.8  471.9  471.8
   52.8  19890  -66.7  -91.7      2   0.00    292     34  478.4  478.4  478.4
   50.0  20220  -65.9  -91.9      2   0.00    280     41  487.8  487.8  487.8
   46.1  20716  -62.7  -91.7      1   0.00    290     31  506.9  506.9  506.9
   46.0  20729  -62.7  -91.7      1   0.00    290     31  507.2  507.2  507.2
   45.0  20864  -62.9  -91.8      1   0.00    295     33  510.0  510.0  510.0
   39.0  21738  -64.0  -92.2      1   0.00    275     39  528.6  528.6  528.6
   30.0  23340  -65.9  -92.9      1   0.00    285     51  564.4  564.4  564.4
   29.0  23546  -65.7  -92.7      1   0.00    280     56  570.5  570.5  570.5
   28.2  23716  -65.5  -92.5      1   0.00    272     50  575.6  575.6  575.6
   28.0  23758  -65.8  -92.6      1   0.00    270     49  576.0  576.1  576.0
   26.3  24137  -68.1  -93.1      2   0.00    268     57  579.8  579.9  579.8
   23.0  24946  -65.3  -93.3      1   0.00    265     76  610.7  610.7  610.7
   22.0  25215  -66.2  -93.3      1   0.00    260     76  615.7  615.7  615.7
   20.0  25790  -68.3  -93.3      2   0.00    265     74  626.4  626.4  626.4
   19.4  25973  -69.1  -94.1      2   0.00    266     76  629.4  629.4  629.4
   17.0  26766  -68.6  -94.4      1   0.00    270     84  655.2  655.2  655.2
   16.0  27131  -68.4  -94.6      1   0.00    265     78  667.4  667.4  667.4
   14.0  27933  -67.9  -94.9      1   0.00    250     95  695.0  695.0  695.0
   12.0  28885  -63.3  -93.1      1   0.01    265    120  742.5  742.5  742.5
   10.0  30010  -57.9  -90.9      1   0.01    260    148  802.4  802.5  802.4
    9.8  30138  -57.6  -90.8      1   0.01    260    150  808.2  808.3  808.2
    9.0  30676  -56.3  -90.3      1   0.01                833.0  833.2  833.0