10548 Meiningen Observations at 00Z 03 Jan 2020
-----------------------------------------------------------------------------
   PRES   HGHT   TEMP   DWPT   RELH   MIXR   DRCT   SKNT   THTA   THTE   THTV
    hPa     m      C      C      %    g/kg    deg   knot     K      K      K 
-----------------------------------------------------------------------------
 1000.0    224                                                               
  972.0    450   -1.7   -1.8     99   3.46    160      6  273.7  283.2  274.2
  963.0    524   -2.1   -2.1    100   3.42    176     10  274.0  283.4  274.6
  949.0    642   -1.4   -1.4    100   3.66    200     17  275.9  286.1  276.5
  925.0    847   -0.1   -0.1    100   4.12    220     25  279.2  290.8  279.9
  899.0   1076    0.9    0.7     99   4.50    250     29  282.5  295.3  283.3
  896.0   1103    1.0    0.8     99   4.55    250     29  282.9  295.8  283.7
  891.0   1148    0.8    0.8    100   4.57    249     28  283.1  296.1  283.9
  856.0   1470   -0.1   -1.8     88   3.93    246     24  285.4  296.8  286.1
  850.0   1526   -0.3   -2.6     84   3.73    245     23  285.8  296.7  286.5
  821.0   1803   -2.0   -5.2     79   3.18    240     25  286.9  296.3  287.4
  812.0   1891   -2.5   -6.0     77   3.02    236     25  287.2  296.2  287.8
  750.0   2512   -7.3   -8.9     88   2.61    205     25  288.7  296.5  289.1
  706.0   2984  -10.9  -11.1     98   2.33    218     30  289.7  296.7  290.1
  701.0   3039   -9.5  -13.1     75   2.00    220     31  291.8  298.0  292.2
  700.0   3050   -9.5  -13.1     75   2.00    220     31  291.9  298.1  292.3
  681.0   3263  -10.1  -16.1     61   1.61    222     30  293.6  298.6  293.9
  661.0   3492  -11.4  -23.1     37   0.90    225     29  294.6  297.5  294.7
  660.0   3504  -11.5  -23.5     36   0.88    225     29  294.6  297.5  294.8
  630.0   3860  -13.9  -21.9     51   1.06    220     30  295.8  299.3  296.0
  604.0   4178  -16.7  -21.7     65   1.12    216     30  296.2  299.8  296.4
  593.0   4317  -17.5  -26.5     45   0.74    214     31  296.8  299.3  296.9
  572.0   4581  -19.7  -27.6     50   0.70    210     31  297.3  299.7  297.4
  541.0   4991  -23.1  -29.2     57   0.64    225     27  298.0  300.2  298.1
  510.0   5424  -26.7  -30.9     67   0.57    215     33  298.7  300.7  298.8
  500.0   5570  -27.9  -31.5     71   0.55    210     33  299.0  300.9  299.1
  493.0   5671  -28.9  -32.0     75   0.53    212     32  298.9  300.8  299.0
  479.0   5876  -30.0  -40.8     34   0.23    215     29  300.1  300.9  300.1
  475.0   5935  -30.3  -43.3     27   0.18    210     30  300.4  301.1  300.4
  472.0   5980  -29.9  -45.9     20   0.13    207     30  301.4  301.9  301.5
  455.0   6240  -30.1  -52.1     10   0.07    187     33  304.4  304.6  304.4
  453.0   6272  -30.2  -52.5      9   0.07    185     33  304.7  304.9  304.7
  403.0   7098  -32.3  -63.3      3   0.02    204     29  312.3  312.3  312.3
  400.0   7150  -32.7  -63.7      3   0.02    205     29  312.4  312.5  312.4
  390.0   7323  -33.6  -64.3      3   0.02    205     27  313.4  313.5  313.4
  344.0   8183  -38.4  -67.3      3   0.01    245     16  318.5  318.5  318.5
  327.0   8530  -40.3  -68.5      3   0.01    215     12  320.5  320.6  320.5
  311.0   8873  -42.1  -69.7      3   0.01    230     10  322.5  322.6  322.5
  304.0   9029  -43.0  -70.2      3   0.01    220     16  323.4  323.5  323.4
  300.0   9120  -43.5  -70.5      3   0.01    230     17  323.9  324.0  323.9
  288.0   9392  -45.0  -71.5      4   0.01    250     19  325.5  325.6  325.5
  268.0   9870  -47.8  -73.3      4   0.01    245     19  328.3  328.4  328.3
  256.0  10175  -49.5  -74.5      4   0.01    290     18  330.1  330.1  330.1
  252.0  10278  -50.4  -74.1      4   0.01    305     17  330.2  330.2  330.2
  250.0  10330  -50.9  -73.9      5   0.01    310     17  330.3  330.3  330.3
  243.0  10514  -52.5  -74.0      6   0.01    320     14  330.6  330.6  330.6
  237.0  10675  -53.9  -74.1      7   0.01    315     10  330.9  330.9  330.9
  236.0  10702  -54.1  -74.1      7   0.01    312      9  330.9  330.9  330.9
  225.0  11004  -55.8  -75.2      7   0.01    280      6  332.9  332.9  332.9
  222.0  11089  -56.2  -75.5      7   0.01    250     10  333.4  333.5  333.4
  200.0  11750  -59.9  -77.9      8   0.00    300     29  337.8  337.8  337.8
  199.0  11781  -60.1  -78.1      8   0.00    300     29  338.0  338.0  338.0
  194.0  11940  -60.9  -78.9      8   0.00    300     24  339.1  339.1  339.1
  184.0  12267  -61.5  -80.5      6   0.00    300     14  343.2  343.2  343.2
  179.0  12438  -61.9  -81.4      6   0.00    280     12  345.4  345.4  345.4
  178.0  12472  -62.0  -81.6      6   0.00    275     12  345.8  345.8  345.8
  169.0  12793  -62.6  -83.2      5   0.00    280     19  349.9  349.9  349.9
  159.0  13171  -63.3  -85.1      4   0.00    315     23  354.8  354.8  354.8
  157.0  13249  -63.5  -85.5      4   0.00    310     23  355.8  355.8  355.8
  152.0  13448  -62.9  -85.6      3   0.00    290     19  360.1  360.1  360.1
  150.0  13530  -62.7  -85.7      3   0.00    295     21  361.9  361.9  361.9
  146.0  13697  -62.6  -86.2      3   0.00    300     27  364.9  364.9  364.9
  144.0  13782  -62.5  -86.5      3   0.00    297     26  366.5  366.5  366.5
  139.0  13998  -63.2  -86.8      3   0.00    290     23  369.0  369.0  369.0
  134.0  14223  -63.9  -87.1      3   0.00    275     31  371.7  371.7  371.7
  127.0  14551  -64.9  -87.5      3   0.00    285     41  375.6  375.6  375.6
  119.0  14949  -66.1  -88.1      3   0.00    297     35  380.4  380.4  380.4
  117.0  15053  -65.5  -88.2      3   0.00    300     33  383.2  383.3  383.2
  111.0  15375  -63.8  -88.5      2   0.00    280     25  392.3  392.3  392.3
  110.0  15430  -63.5  -88.5      2   0.00    280     25  393.9  393.9  393.9
  100.0  16010  -67.5  -88.5      4   0.00    275     27  397.1  397.1  397.1
   99.6  16034  -67.7  -88.7      4   0.00    275     27  397.1  397.1  397.1
   86.0  16921  -65.2  -89.9      2   0.00    280     37  419.3  419.3  419.3
   84.0  17064  -64.8  -90.0      2   0.00    290     45  422.9  422.9  422.9
   81.0  17283  -64.1  -90.3      2   0.00    295     35  428.6  428.6  428.6
   75.5  17708  -62.9  -90.9      1   0.00    286     28  439.9  439.9  439.9
   72.0  17998  -63.4  -90.8      1   0.00    280     23  444.8  444.8  444.8
   70.0  18170  -63.7  -90.7      1   0.00    285     29  447.8  447.8  447.8
   66.0  18529  -64.3  -90.9      2   0.00    300     39  454.0  454.0  454.0
   62.0  18910  -65.0  -91.1      2   0.00    280     31  460.7  460.7  460.7
   56.0  19531  -66.1  -91.5      2   0.00    305     27  471.8  471.9  471.8
   52.8  19890  -66.7  -91.7      2   0.00    292     34  478.4  478.4  478.4
   50.0  20220  -65.9  -91.9      2   0.00    280     41  487.8  487.8  487.8
   46.1  20716  -62.7  -91.7      1   0.00    290     31  506.9  506.9  506.9
   46.0  20729  -62.7  -91.7      1   0.00    290     31  507.2  507.2  507.2
   45.0  20864  -62.9  -91.8      1   0.00    295     33  510.0  510.0  510.0
   39.0  21738  -64.0  -92.2      1   0.00    275     39  528.6  528.6  528.6
   30.0  23340  -65.9  -92.9      1   0.00    285     51  564.4  564.4  564.4
   29.0  23546  -65.7  -92.7      1   0.00    280     56  570.5  570.5  570.5
   28.2  23716  -65.5  -92.5      1   0.00    272     50  575.6  575.6  575.6
   28.0  23758  -65.8  -92.6      1   0.00    270     49  576.0  576.1  576.0
   26.3  24137  -68.1  -93.1      2   0.00    268     57  579.8  579.9  579.8
   23.0  24946  -65.3  -93.3      1   0.00    265     76  610.7  610.7  610.7
   22.0  25215  -66.2  -93.3      1   0.00    260     76  615.7  615.7  615.7
   20.0  25790  -68.3  -93.3      2   0.00    265     74  626.4  626.4  626.4
   19.4  25973  -69.1  -94.1      2   0.00    266     76  629.4  629.4  629.4
   17.0  26766  -68.6  -94.4      1   0.00    270     84  655.2  655.2  655.2
   16.0  27131  -68.4  -94.6      1   0.00    265     78  667.4  667.4  667.4
   14.0  27933  -67.9  -94.9      1   0.00    250     95  695.0  695.0  695.0
   12.0  28885  -63.3  -93.1      1   0.01    265    120  742.5  742.5  742.5
   10.0  30010  -57.9  -90.9      1   0.01    260    148  802.4  802.5  802.4
    9.8  30138  -57.6  -90.8      1   0.01    260    150  808.2  808.3  808.2
    9.0  30676  -56.3  -90.3      1   0.01                833.0  833.2  833.0
Station information and sounding indices
                             Station number: 10548
                           Observation time: 200103/0000
                           Station latitude: 50.56
                          Station longitude: 10.38
                          Station elevation: 450.0
                            Showalter index: 3.43
                               Lifted index: 10.30
    LIFT computed using virtual temperature: 10.34
                                SWEAT index: 157.64
                                    K index: 21.40
                         Cross totals index: 25.30
                      Vertical totals index: 27.60
                        Totals totals index: 52.90
      Convective Available Potential Energy: 0.00
             CAPE using virtual temperature: 0.00
                      Convective Inhibition: 0.00
             CINS using virtual temperature: 0.00
                     Bulk Richardson Number: 0.00
          Bulk Richardson Number using CAPV: 0.00
  Temp [K] of the Lifted Condensation Level: 272.15
Pres [hPa] of the Lifted Condensation Level: 942.38
     Mean mixed layer potential temperature: 276.83
              Mean mixed layer mixing ratio: 3.80
              1000 hPa to 500 hPa thickness: 5346.00
Precipitable water [mm] for entire sounding: 11.46
10548 Meiningen Observations at 12Z 03 Jan 2020
-----------------------------------------------------------------------------
   PRES   HGHT   TEMP   DWPT   RELH   MIXR   DRCT   SKNT   THTA   THTE   THTV
    hPa     m      C      C      %    g/kg    deg   knot     K      K      K 
-----------------------------------------------------------------------------
 1000.0    181                                                               
  967.0    450    2.0    2.0    100   4.59    180      6  277.8  290.5  278.6
  925.0    810    0.4    0.4    100   4.28    210     25  279.7  291.7  280.4
  896.0   1066    0.1    0.0     99   4.29    245     29  282.0  294.1  282.7
  867.0   1330   -0.2   -0.4     98   4.30    260     39  284.3  296.7  285.1
  854.0   1451   -0.3   -0.6     98   4.31    268     39  285.4  297.8  286.2
  850.0   1489   -0.5   -0.8     98   4.26    270     39  285.6  297.9  286.4
  834.0   1641   -1.5   -1.6     99   4.10    275     39  286.1  298.0  286.8
  828.0   1698   -1.9   -1.9    100   4.04    271     39  286.3  298.0  287.0
  812.0   1853   -2.9   -2.9    100   3.82    260     41  286.8  297.9  287.5
  799.0   1981   -3.7  -20.7     25   0.93    251     43  287.3  290.2  287.4
  797.0   2001   -3.2  -21.9     22   0.84    250     43  288.0  290.7  288.2
  780.0   2173    1.0  -32.0      6   0.34    250     43  294.3  295.5  294.4
  778.0   2193    1.2  -23.8     14   0.72    250     43  294.8  297.2  294.9
  776.0   2214    1.0  -15.0     29   1.55    250     43  294.8  299.7  295.0
  750.0   2487   -0.3  -13.3     37   1.84    250     44  296.2  302.0  296.6
  738.0   2616   -0.8  -17.9     26   1.28    250     45  297.1  301.2  297.3
  707.0   2958   -2.1  -30.1     10   0.45    254     40  299.3  300.8  299.4
  700.0   3037   -2.3  -29.3     11   0.49    255     39  299.9  301.6  300.0
  676.0   3312   -4.0  -30.5     11   0.45    250     37  301.0  302.6  301.1
  659.0   3513   -5.3  -31.3     11   0.43    250     38  301.7  303.2  301.8
  576.0   4554  -13.7  -29.7     25   0.57    253     45  303.7  305.7  303.9
  564.0   4713  -15.3  -22.3     55   1.14    253     46  303.7  307.5  303.9
  526.0   5236  -20.1  -23.1     77   1.14    254     50  304.0  307.9  304.2
  525.0   5250  -20.3  -23.4     76   1.11    254     50  304.0  307.7  304.2
  500.0   5610  -22.1  -25.2     76   0.99    255     52  306.0  309.4  306.2
  486.0   5817  -23.7  -26.4     78   0.92    255     54  306.6  309.7  306.8
  472.0   6030  -25.3  -27.6     81   0.84    257     50  307.1  310.1  307.3
  447.0   6419  -27.5  -31.8     67   0.60    260     43  309.1  311.3  309.2
  441.0   6516  -28.1  -32.8     64   0.55    255     41  309.6  311.6  309.7
  414.0   6968  -30.7  -37.7     50   0.36    255     42  311.9  313.3  312.0
  400.0   7210  -32.9  -37.9     61   0.37    255     43  312.1  313.5  312.2
  388.0   7424  -34.3  -42.3     44   0.24    253     43  313.0  313.9  313.1
  339.0   8348  -42.0  -45.9     65   0.19    245     43  314.9  315.6  315.0
  323.0   8680  -44.7  -47.2     76   0.17    249     51  315.5  316.2  315.6
  317.0   8805  -45.7  -49.7     64   0.13    250     54  315.8  316.3  315.9
  314.0   8868  -46.1  -62.1     15   0.03    250     55  316.1  316.2  316.1
  309.0   8975  -47.1  -56.1     35   0.06    250     55  316.2  316.4  316.2
  305.0   9061  -47.7  -50.4     74   0.12    250     56  316.5  317.0  316.5
  300.0   9170  -48.5  -50.3     81   0.13    250     56  316.9  317.4  316.9
  295.0   9280  -49.3  -58.3     34   0.05    249     58  317.3  317.5  317.3
  282.0   9573  -51.7  -53.2     84   0.10    247     61  317.9  318.3  318.0
  262.0  10044  -55.7  -58.6     70   0.05    243     66  318.8  319.1  318.8
  258.0  10142  -56.7  -58.7     78   0.05    242     68  318.8  319.0  318.8
  256.0  10191  -57.1  -58.0     89   0.06    241     68  318.9  319.1  318.9
  250.0  10340  -58.1  -59.6     83   0.05    240     70  319.6  319.8  319.6
  242.0  10543  -59.4  -62.5     67   0.04    240     72  320.6  320.7  320.6
  223.0  11052  -62.7  -69.7     38   0.01    233     70  323.1  323.2  323.1
  217.0  11220  -62.7  -70.6     34   0.01    230     70  325.6  325.7  325.6
  216.0  11248  -62.7  -70.7     33   0.01    230     70  326.1  326.1  326.1
  207.0  11510  -64.3  -68.8     54   0.02    235     70  327.6  327.6  327.6
  203.0  11629  -64.3  -69.3     50   0.02    241     67  329.4  329.4  329.4
  200.0  11720  -63.7  -74.7     21   0.01    245     64  331.7  331.8  331.7
  199.0  11751  -62.3  -77.3     12   0.01    246     65  334.4  334.4  334.4
  194.0  11908  -61.2  -79.9      7   0.00    250     68  338.7  338.7  338.7
  186.0  12169  -59.3  -84.3      3   0.00    256     54  345.8  345.8  345.8
  175.0  12546  -60.3  -84.5      3   0.00    265     33  350.2  350.2  350.2
  150.0  13500  -62.9  -84.9      4   0.00    255     39  361.5  361.5  361.5
  142.0  13840  -61.0  -85.9      2   0.00    255     29  370.5  370.5  370.5
  139.0  13973  -60.3  -86.3      2   0.00    261     30  374.1  374.1  374.1
  122.0  14779  -63.9  -87.2      3   0.00    295     35  381.8  381.8  381.8
  120.0  14882  -64.3  -87.3      3   0.00    294     34  382.8  382.8  382.8
  109.0  15476  -60.6  -88.2      2   0.00    290     31  400.3  400.3  400.3
  108.0  15533  -60.3  -88.3      1   0.00    295     31  402.0  402.0  402.0
  105.0  15708  -61.5  -88.4      2   0.00    310     31  403.0  403.0  403.0
  100.0  16010  -63.5  -88.5      2   0.00    310     39  404.8  404.8  404.8
   87.0  16868  -62.2  -88.7      2   0.00    280     27  423.9  423.9  423.9
   82.8  17173  -61.7  -88.7      2   0.00    309     19  430.9  430.9  430.9
   82.0  17232  -62.0  -88.8      2   0.00    315     17  431.4  431.5  431.4
   81.0  17307  -62.4  -88.9      2   0.00    310     16  432.2  432.2  432.2
   74.0  17861  -65.2  -89.6      2   0.00    285     29  437.6  437.6  437.6
   72.8  17961  -65.7  -89.7      2   0.00    285     33  438.6  438.6  438.6
   70.0  18200  -64.9  -89.9      2   0.00    290     35  445.2  445.2  445.2
   69.0  18287  -65.0  -90.0      2   0.00    300     39  446.8  446.8  446.8
   66.0  18557  -65.3  -90.3      2   0.00    275     33  451.9  451.9  451.9
   62.0  18936  -65.7  -90.7      2   0.00    305     37  459.1  459.1  459.1
   58.0  19340  -66.2  -91.2      2   0.00    285     41  466.9  466.9  466.9
   54.0  19773  -66.7  -91.7      2   0.00    300     39  475.4  475.4  475.4
   53.9  19784  -66.7  -91.7      2   0.00    300     39  475.6  475.6  475.6
   50.0  20240  -64.3  -91.3      1   0.00    290     47  491.5  491.6  491.5
   46.0  20753  -62.8  -91.0      1   0.00    290     37  507.0  507.0  507.0
   43.7  21068  -61.9  -90.9      1   0.00    275     35  516.7  516.7  516.7
   43.0  21168  -61.9  -90.9      1   0.00    270     35  519.1  519.1  519.1
   39.0  21772  -61.9  -90.9      1   0.00    280     43  533.8  533.8  533.8
   37.0  22098  -61.9  -90.9      1   0.00    265     39  541.9  541.9  541.9
   30.0  23380  -66.7  -91.7      2   0.00    270     49  562.2  562.3  562.2
   29.1  23566  -67.7  -92.7      2   0.00    268     49  564.4  564.4  564.4
   28.0  23799  -68.0  -92.8      2   0.00    265     49  569.9  569.9  569.9
   25.0  24485  -68.8  -93.2      2   0.00    280     60  586.4  586.4  586.4
   24.0  24732  -69.0  -93.3      2   0.00    270     54  592.4  592.5  592.4
   22.5  25123  -69.5  -93.5      2   0.00    266     62  602.1  602.2  602.1
   20.0  25840  -65.5  -93.5      1   0.00    260     76  635.0  635.0  635.0
   17.0  26819  -66.7  -93.4      1   0.00    265    103  661.4  661.4  661.4
   15.6  27336  -67.3  -93.3      1   0.00    263    106  675.8  675.8  675.8
   14.0  28002  -64.8  -92.5      1   0.01    260    109  705.6  705.6  705.6
   12.0  28949  -61.2  -91.3      1   0.01    265    113  750.1  750.2  750.1
   10.0  30070  -56.9  -89.9      1   0.01    250    148  806.1  806.2  806.1
    9.4  30463  -55.7  -88.7      1   0.02    253    148  825.0  825.2  825.0
    9.2  30600  -56.1  -89.1      1   0.02    254    148  828.6  828.8  828.6
    9.0  30742  -54.7  -88.5      1   0.02    255    148  839.2  839.5  839.2
    8.2  31343  -48.7  -85.7      1   0.03    251    161  885.5  885.9  885.5
    7.1  32294  -46.7  -85.7      0   0.04    246    181  930.9  931.4  930.9
    7.0  32388  -47.1  -85.1      1   0.04    245    183  933.0  933.6  933.0
    6.6  32782  -40.9  -81.9      0   0.07                974.9  976.0  974.9
Station information and sounding indices
                             Station number: 10548
                           Observation time: 200103/1200
                           Station latitude: 50.56
                          Station longitude: 10.38
                          Station elevation: 450.0
                            Showalter index: 8.36
                               Lifted index: 13.04
    LIFT computed using virtual temperature: 13.13
                                SWEAT index: 130.15
                                    K index: -6.20
                         Cross totals index: 21.30
                      Vertical totals index: 21.60
                        Totals totals index: 42.90
      Convective Available Potential Energy: 0.00
             CAPE using virtual temperature: 0.00
                      Convective Inhibition: 0.00
             CINS using virtual temperature: 0.00
                     Bulk Richardson Number: 0.00
          Bulk Richardson Number using CAPV: 0.00
  Temp [K] of the Lifted Condensation Level: 274.10
Pres [hPa] of the Lifted Condensation Level: 937.88
     Mean mixed layer potential temperature: 279.19
              Mean mixed layer mixing ratio: 4.39
              1000 hPa to 500 hPa thickness: 5429.00
Precipitable water [mm] for entire sounding: 10.51
10548 Meiningen Observations at 00Z 04 Jan 2020
-----------------------------------------------------------------------------
   PRES   HGHT   TEMP   DWPT   RELH   MIXR   DRCT   SKNT   THTA   THTE   THTV
    hPa     m      C      C      %    g/kg    deg   knot     K      K      K 
-----------------------------------------------------------------------------
 1000.0    196                                                               
  970.0    450    6.2    5.3     94   5.79    320      8  281.8  297.9  282.8
  963.0    509    5.7    5.0     95   5.70    305     10  281.9  297.9  282.9
  947.0    644    4.7    4.2     97   5.50    320     21  282.2  297.6  283.1
  935.0    747    3.9    3.7     99   5.36    315     25  282.4  297.4  283.3
  925.0    834    3.2    3.2    100   5.23    315     25  282.6  297.3  283.5
  850.0   1515   -0.7   -0.7    100   4.30    305     21  285.4  297.8  286.1
  837.0   1636   -1.5   -1.5    100   4.11    300     19  285.9  297.7  286.6
  782.0   2171   -4.8   -5.1     98   3.36    290     37  287.9  297.8  288.5
  702.0   3019  -10.1  -10.8     95   2.40    280     31  291.0  298.3  291.5
  700.0   3041  -10.1  -11.1     92   2.35    280     31  291.3  298.4  291.7
  685.0   3208  -11.3  -13.2     86   2.03    280     32  291.7  298.0  292.1
  675.0   3321  -11.9  -20.9     47   1.08    280     32  292.3  295.8  292.5
  667.0   3412  -11.7  -33.7     14   0.33    280     33  293.5  294.7  293.6
  658.0   3516  -11.7  -41.7      6   0.15    280     33  294.7  295.2  294.7
  654.0   3563  -11.5  -34.5     13   0.32    280     33  295.4  296.5  295.5
  590.0   4342  -16.8  -25.6     46   0.81    280     37  298.1  300.8  298.2
  564.0   4682  -19.1  -21.7     80   1.20    287     37  299.2  303.1  299.4
  540.0   5005  -20.9  -25.9     64   0.86    293     38  300.8  303.7  301.0
  527.0   5185  -21.9  -36.9     24   0.31    297     38  301.7  302.8  301.8
  500.0   5570  -24.9  -39.9     23   0.24    305     39  302.6  303.5  302.7
  499.0   5585  -25.0  -40.2     23   0.23    305     39  302.7  303.6  302.7
  479.0   5881  -26.6  -46.1     14   0.13    310     51  304.3  304.8  304.3
  468.0   6050  -27.5  -49.5     10   0.09    318     49  305.2  305.5  305.2
  451.0   6311  -29.8  -50.8     11   0.08    330     47  305.6  305.9  305.6
  400.0   7160  -37.1  -55.1     14   0.05    330     54  306.7  306.9  306.7
  373.0   7637  -41.1  -59.1     13   0.04    330     57  307.6  307.7  307.6
  330.0   8447  -48.4  -60.9     22   0.03    330     60  308.6  308.7  308.6
  312.0   8818  -51.7  -61.7     29   0.03    330     58  308.9  309.0  308.9
  300.0   9070  -53.7  -62.7     32   0.03    330     56  309.6  309.7  309.6
  288.0   9331  -55.4  -64.0     34   0.02    320     51  310.7  310.8  310.7
  274.0   9649  -57.5  -65.5     35   0.02    320     59  312.2  312.3  312.2
  266.0   9837  -56.8  -68.8     21   0.01    320     64  315.8  315.9  315.8
  260.0   9981  -56.3  -71.3     14   0.01    322     56  318.6  318.7  318.6
  253.0  10154  -57.3  -70.9     16   0.01    325     47  319.7  319.8  319.7
  250.0  10230  -57.7  -70.7     18   0.01    320     47  320.2  320.2  320.2
  240.0  10487  -59.5  -71.5     20   0.01    315     51  321.2  321.2  321.2
  216.0  11150  -57.7  -79.7      4   0.00    306     43  333.8  333.8  333.8
  203.0  11545  -55.1  -81.4      2   0.00    300     39  343.9  343.9  343.9
  201.0  11608  -54.7  -81.7      2   0.00    303     39  345.5  345.5  345.5
  200.0  11640  -54.7  -81.7      2   0.00    305     39  346.0  346.0  346.0
  176.0  12449  -56.0  -83.0      2   0.00    305     45  356.7  356.7  356.7
  156.0  13212  -57.3  -84.3      2   0.00    315     37  367.0  367.1  367.0
  151.0  13418  -57.6  -84.6      2   0.00    305     29  369.9  369.9  369.9
  150.0  13460  -57.7  -84.7      2   0.00    305     29  370.5  370.5  370.5
  144.0  13717  -59.7  -85.7      2   0.00    302     33  371.3  371.3  371.3
  141.0  13849  -59.7  -85.8      2   0.00    300     35  373.5  373.5  373.5
  133.0  14215  -59.9  -86.1      2   0.00    280     39  379.6  379.6  379.6
  127.0  14504  -59.9  -86.3      2   0.00    290     45  384.5  384.5  384.5
  120.0  14859  -60.0  -86.6      2   0.00    305     43  390.6  390.6  390.6
  112.0  15291  -60.2  -86.9      2   0.00    290     37  398.1  398.1  398.1
  104.0  15755  -60.3  -87.3      2   0.00    297     38  406.4  406.4  406.4
  100.0  16000  -60.3  -87.3      2   0.00    300     39  410.9  411.0  410.9
   89.0  16722  -61.2  -87.8      2   0.00    310     39  423.1  423.1  423.1
   83.0  17154  -61.7  -88.1      2   0.00    285     35  430.6  430.6  430.6
   73.0  17950  -62.7  -88.7      2   0.00    305     37  444.6  444.6  444.6
   72.6  17984  -62.7  -88.7      2   0.00                445.2  445.3  445.2
Station information and sounding indices
                             Station number: 10548
                           Observation time: 200104/0000
                           Station latitude: 50.56
                          Station longitude: 10.38
                          Station elevation: 450.0
                            Showalter index: 5.65
                               Lifted index: 5.81
    LIFT computed using virtual temperature: 5.76
                                SWEAT index: 81.59
                                    K index: 22.50
                         Cross totals index: 24.20
                      Vertical totals index: 24.20
                        Totals totals index: 48.40
      Convective Available Potential Energy: 0.43
             CAPE using virtual temperature: 0.46
                      Convective Inhibition: 0.00
             CINS using virtual temperature: 0.00
                           Equilibrum Level: 881.03
 Equilibrum Level using virtual temperature: 887.57
                   Level of Free Convection: 931.62
             LFCT using virtual temperature: 931.21
                     Bulk Richardson Number: 0.02
          Bulk Richardson Number using CAPV: 0.02
  Temp [K] of the Lifted Condensation Level: 277.01
Pres [hPa] of the Lifted Condensation Level: 935.82
     Mean mixed layer potential temperature: 282.33
              Mean mixed layer mixing ratio: 5.43
              1000 hPa to 500 hPa thickness: 5374.00
Precipitable water [mm] for entire sounding: 13.00
10548 Meiningen Observations at 12Z 04 Jan 2020
-----------------------------------------------------------------------------
   PRES   HGHT   TEMP   DWPT   RELH   MIXR   DRCT   SKNT   THTA   THTE   THTV
    hPa     m      C      C      %    g/kg    deg   knot     K      K      K 
-----------------------------------------------------------------------------
 1000.0    228                                                               
  973.0    450    3.0   -0.1     80   3.92    270     10  278.3  289.3  279.0
  937.0    753    0.2   -1.1     91   3.79    270     23  278.5  289.2  279.2
  925.0    857   -0.7   -1.4     95   3.75    280     27  278.6  289.1  279.2
  888.0   1181   -2.9   -3.3     97   3.39    290     37  279.6  289.2  280.1
  850.0   1528   -5.3   -5.3    100   3.04    305     37  280.6  289.3  281.1
  837.0   1649   -5.6   -7.1     90   2.70    315     37  281.5  289.3  281.9
  783.0   2170   -7.0  -14.7     54   1.57    310     37  285.4  290.2  285.7
  780.0   2200   -7.1  -15.1     53   1.52    310     37  285.6  290.3  285.9
  741.0   2596   -9.8  -15.6     62   1.54    310     33  286.9  291.7  287.2
  700.0   3035  -12.7  -16.2     75   1.55    310     35  288.4  293.2  288.7
  679.0   3266  -13.6  -15.6     85   1.67    295     37  289.9  295.0  290.1
  655.0   3539  -14.8  -15.0     98   1.83    310     37  291.6  297.3  291.9
  652.0   3574  -14.9  -14.9    100   1.85    311     38  291.8  297.6  292.1
  647.0   3633  -13.9  -14.1     98   2.00    314     40  293.6  299.8  293.9
  635.0   3775  -14.2  -14.7     96   1.93    320     45  294.8  300.9  295.2
  612.0   4054  -14.8  -15.9     91   1.81    310     52  297.2  303.0  297.6
  609.0   4091  -14.9  -16.1     91   1.80    310     53  297.6  303.3  297.9
  534.0   5070  -20.0  -21.1     91   1.34    315     72  302.9  307.3  303.1
  503.0   5516  -22.3  -23.3     92   1.17    315     74  305.3  309.2  305.5
  500.0   5560  -22.5  -24.1     87   1.10    315     74  305.6  309.2  305.8
  445.0   6405  -27.5  -32.1     65   0.59    320     80  309.6  311.7  309.7
  400.0   7160  -33.5  -39.5     55   0.31    325     85  311.4  312.5  311.4
  390.0   7338  -34.7  -42.7     44   0.23    325     87  312.1  312.9  312.1
  303.0   9055  -49.5  -51.8     77   0.11    330     99  314.6  315.0  314.6
  300.0   9120  -50.1  -53.0     71   0.09    330     99  314.6  315.0  314.6
  274.0   9704  -55.1  -60.1     54   0.04    335    104  315.6  315.8  315.6
  263.0   9963  -57.5  -61.1     63   0.04    337    106  315.9  316.0  315.9
  250.0  10280  -60.1  -63.7     63   0.03    340    109  316.6  316.7  316.6
  249.0  10305  -60.3  -63.3     68   0.03    340    109  316.7  316.8  316.7
  247.0  10355  -60.6  -65.6     52   0.02    340    111  316.9  317.0  316.9
  245.0  10406  -60.9  -67.9     39   0.02    339    109  317.2  317.3  317.2
  236.0  10638  -62.3  -67.3     51   0.02    335    103  318.5  318.6  318.5
  231.0  10771  -62.7  -68.7     44   0.02    332    100  319.9  319.9  319.9
  217.0  11156  -63.9  -72.9     28   0.01    325     89  323.8  323.8  323.8
  210.0  11358  -62.5  -80.5      7   0.00    320     89  329.0  329.0  329.0
  200.0  11660  -62.1  -80.1      7   0.00    325     85  334.3  334.3  334.3
  184.0  12178  -60.6  -81.9      5   0.00    330     76  344.7  344.7  344.7
  177.0  12419  -60.0  -82.7      4   0.00    340     66  349.7  349.7  349.7
  167.0  12780  -58.9  -84.0      3   0.00    325     47  357.2  357.2  357.2
  163.0  12930  -58.5  -84.5      2   0.00    323     50  360.4  360.4  360.4
  156.0  13205  -58.9  -85.5      2   0.00    320     56  364.3  364.3  364.3
  150.0  13450  -59.3  -86.3      2   0.00    320     47  367.7  367.7  367.7
  143.0  13747  -59.7  -86.6      2   0.00    310     43  372.1  372.1  372.1
  100.0  15970  -62.5  -88.5      2   0.00    310     49  406.7  406.7  406.7
   89.3  16668  -64.5  -88.5      2   0.00    310     49  416.1  416.1  416.1
   76.0  17663  -63.0  -89.7      2   0.00    310     49  438.7  438.8  438.7
   74.0  17827  -62.8  -89.9      2   0.00    300     47  442.6  442.6  442.6
   70.0  18170  -62.3  -90.3      1   0.00    285     49  450.8  450.8  450.8
   69.0  18259  -62.1  -90.4      1   0.00    280     52  453.0  453.0  453.0
   65.0  18628  -61.4  -90.7      1   0.00    290     62  462.3  462.3  462.3
   58.9  19237  -60.3  -91.3      1   0.00    310     45  478.1  478.1  478.1
   56.0  19549  -60.9  -91.2      1   0.00    320     37  483.7  483.7  483.7
   50.0  20250  -62.1  -91.1      1   0.00    310     37  496.7  496.7  496.7
   47.0  20626  -63.0  -91.4      1   0.00    310     35  503.3  503.4  503.3
   45.0  20890  -63.7  -91.6      1   0.00    295     31  508.1  508.1  508.1
   41.0  21455  -65.1  -92.0      1   0.00    275     37  518.2  518.3  518.2
   37.0  22079  -66.6  -92.5      2   0.00    285     51  529.7  529.7  529.7
   31.0  23154  -69.3  -93.3      2   0.00    272     57  550.0  550.0  550.0
   30.0  23350  -67.9  -93.9      1   0.00    270     58  559.0  559.0  559.0
   20.8  25569  -64.1  -94.1      1   0.00    265     88  632.1  632.1  632.1
   20.0  25810  -62.1  -93.1      1   0.00    265     91  645.4  645.4  645.4
   18.5  26293  -59.9  -92.9      1   0.00    258     96  666.8  666.8  666.8
   17.0  26814  -63.3  -93.3      1   0.00    250    101  672.2  672.2  672.2
   16.1  27148  -65.5  -93.5      1   0.00    250    107  675.6  675.6  675.6
   15.0  27584  -63.2  -93.1      1   0.00    260    120  697.0  697.0  697.0
   13.3  28325  -59.3  -92.3      1   0.01    259    123  734.8  734.8  734.8
   11.7  29125  -59.9  -92.9      1   0.01    257    126  760.0  760.1  760.0
   10.0  30120  -52.9  -88.9      1   0.01    255    130  821.0  821.2  821.0
    9.9  30185  -52.7  -88.7      1   0.02    255    131  824.1  824.3  824.1
    8.8  30941  -54.7  -89.7      1   0.01    251    146  844.6  844.8  844.6
    8.4  31240  -52.5  -88.5      1   0.02    250    152  864.5  864.8  864.5
    8.0                                       250    152                     
Station information and sounding indices
                             Station number: 10548
                           Observation time: 200104/1200
                           Station latitude: 50.56
                          Station longitude: 10.38
                          Station elevation: 450.0
                            Showalter index: 14.22
                               Lifted index: 14.32
    LIFT computed using virtual temperature: 14.44
                                SWEAT index: 147.63
                                    K index: 8.40
                         Cross totals index: 17.20
                      Vertical totals index: 17.20
                        Totals totals index: 34.40
      Convective Available Potential Energy: 0.00
             CAPE using virtual temperature: 0.00
                      Convective Inhibition: 0.00
             CINS using virtual temperature: 0.00
                     Bulk Richardson Number: 0.00
          Bulk Richardson Number using CAPV: 0.00
  Temp [K] of the Lifted Condensation Level: 271.88
Pres [hPa] of the Lifted Condensation Level: 919.32
     Mean mixed layer potential temperature: 278.50
              Mean mixed layer mixing ratio: 3.81
              1000 hPa to 500 hPa thickness: 5332.00
Precipitable water [mm] for entire sounding: 11.52
Description of the data columns or sounding indices.

 
Interested in graduate studies in atmospheric science? Check out our program at the University of Wyoming
Questions about the weather data provided by this site can be addressed to Larry Oolman (ldoolman@uwyo.edu)
