  970.0    450    6.2    5.3     94   5.79    320      8  281.8  297.9  282.8
  963.0    509    5.7    5.0     95   5.70    305     10  281.9  297.9  282.9
  947.0    644    4.7    4.2     97   5.50    320     21  282.2  297.6  283.1
  935.0    747    3.9    3.7     99   5.36    315     25  282.4  297.4  283.3
  925.0    834    3.2    3.2    100   5.23    315     25  282.6  297.3  283.5
  850.0   1515   -0.7   -0.7    100   4.30    305     21  285.4  297.8  286.1
  837.0   1636   -1.5   -1.5    100   4.11    300     19  285.9  297.7  286.6
  782.0   2171   -4.8   -5.1     98   3.36    290     37  287.9  297.8  288.5
  702.0   3019  -10.1  -10.8     95   2.40    280     31  291.0  298.3  291.5
  700.0   3041  -10.1  -11.1     92   2.35    280     31  291.3  298.4  291.7
  685.0   3208  -11.3  -13.2     86   2.03    280     32  291.7  298.0  292.1
  675.0   3321  -11.9  -20.9     47   1.08    280     32  292.3  295.8  292.5
  667.0   3412  -11.7  -33.7     14   0.33    280     33  293.5  294.7  293.6
  658.0   3516  -11.7  -41.7      6   0.15    280     33  294.7  295.2  294.7
  654.0   3563  -11.5  -34.5     13   0.32    280     33  295.4  296.5  295.5
  590.0   4342  -16.8  -25.6     46   0.81    280     37  298.1  300.8  298.2
  564.0   4682  -19.1  -21.7     80   1.20    287     37  299.2  303.1  299.4
  540.0   5005  -20.9  -25.9     64   0.86    293     38  300.8  303.7  301.0
  527.0   5185  -21.9  -36.9     24   0.31    297     38  301.7  302.8  301.8
  500.0   5570  -24.9  -39.9     23   0.24    305     39  302.6  303.5  302.7
  499.0   5585  -25.0  -40.2     23   0.23    305     39  302.7  303.6  302.7
  479.0   5881  -26.6  -46.1     14   0.13    310     51  304.3  304.8  304.3
  468.0   6050  -27.5  -49.5     10   0.09    318     49  305.2  305.5  305.2
  451.0   6311  -29.8  -50.8     11   0.08    330     47  305.6  305.9  305.6
  400.0   7160  -37.1  -55.1     14   0.05    330     54  306.7  306.9  306.7
  373.0   7637  -41.1  -59.1     13   0.04    330     57  307.6  307.7  307.6
  330.0   8447  -48.4  -60.9     22   0.03    330     60  308.6  308.7  308.6
  312.0   8818  -51.7  -61.7     29   0.03    330     58  308.9  309.0  308.9
  300.0   9070  -53.7  -62.7     32   0.03    330     56  309.6  309.7  309.6
  288.0   9331  -55.4  -64.0     34   0.02    320     51  310.7  310.8  310.7
  274.0   9649  -57.5  -65.5     35   0.02    320     59  312.2  312.3  312.2
  266.0   9837  -56.8  -68.8     21   0.01    320     64  315.8  315.9  315.8
  260.0   9981  -56.3  -71.3     14   0.01    322     56  318.6  318.7  318.6
  253.0  10154  -57.3  -70.9     16   0.01    325     47  319.7  319.8  319.7
  250.0  10230  -57.7  -70.7     18   0.01    320     47  320.2  320.2  320.2
  240.0  10487  -59.5  -71.5     20   0.01    315     51  321.2  321.2  321.2
  216.0  11150  -57.7  -79.7      4   0.00    306     43  333.8  333.8  333.8
  203.0  11545  -55.1  -81.4      2   0.00    300     39  343.9  343.9  343.9
  201.0  11608  -54.7  -81.7      2   0.00    303     39  345.5  345.5  345.5
  200.0  11640  -54.7  -81.7      2   0.00    305     39  346.0  346.0  346.0
  176.0  12449  -56.0  -83.0      2   0.00    305     45  356.7  356.7  356.7
  156.0  13212  -57.3  -84.3      2   0.00    315     37  367.0  367.1  367.0
  151.0  13418  -57.6  -84.6      2   0.00    305     29  369.9  369.9  369.9
  150.0  13460  -57.7  -84.7      2   0.00    305     29  370.5  370.5  370.5
  144.0  13717  -59.7  -85.7      2   0.00    302     33  371.3  371.3  371.3
  141.0  13849  -59.7  -85.8      2   0.00    300     35  373.5  373.5  373.5
  133.0  14215  -59.9  -86.1      2   0.00    280     39  379.6  379.6  379.6
  127.0  14504  -59.9  -86.3      2   0.00    290     45  384.5  384.5  384.5
  120.0  14859  -60.0  -86.6      2   0.00    305     43  390.6  390.6  390.6
  112.0  15291  -60.2  -86.9      2   0.00    290     37  398.1  398.1  398.1
  104.0  15755  -60.3  -87.3      2   0.00    297     38  406.4  406.4  406.4
  100.0  16000  -60.3  -87.3      2   0.00    300     39  410.9  411.0  410.9
   89.0  16722  -61.2  -87.8      2   0.00    310     39  423.1  423.1  423.1
   83.0  17154  -61.7  -88.1      2   0.00    285     35  430.6  430.6  430.6
   73.0  17950  -62.7  -88.7      2   0.00    305     37  444.6  444.6  444.6
   72.6  17984  -62.7  -88.7      2   0.00                445.2  445.3  445.2