  973.0    450    3.0   -0.1     80   3.92    270     10  278.3  289.3  279.0
  937.0    753    0.2   -1.1     91   3.79    270     23  278.5  289.2  279.2
  925.0    857   -0.7   -1.4     95   3.75    280     27  278.6  289.1  279.2
  888.0   1181   -2.9   -3.3     97   3.39    290     37  279.6  289.2  280.1
  850.0   1528   -5.3   -5.3    100   3.04    305     37  280.6  289.3  281.1
  837.0   1649   -5.6   -7.1     90   2.70    315     37  281.5  289.3  281.9
  783.0   2170   -7.0  -14.7     54   1.57    310     37  285.4  290.2  285.7
  780.0   2200   -7.1  -15.1     53   1.52    310     37  285.6  290.3  285.9
  741.0   2596   -9.8  -15.6     62   1.54    310     33  286.9  291.7  287.2
  700.0   3035  -12.7  -16.2     75   1.55    310     35  288.4  293.2  288.7
  679.0   3266  -13.6  -15.6     85   1.67    295     37  289.9  295.0  290.1
  655.0   3539  -14.8  -15.0     98   1.83    310     37  291.6  297.3  291.9
  652.0   3574  -14.9  -14.9    100   1.85    311     38  291.8  297.6  292.1
  647.0   3633  -13.9  -14.1     98   2.00    314     40  293.6  299.8  293.9
  635.0   3775  -14.2  -14.7     96   1.93    320     45  294.8  300.9  295.2
  612.0   4054  -14.8  -15.9     91   1.81    310     52  297.2  303.0  297.6
  609.0   4091  -14.9  -16.1     91   1.80    310     53  297.6  303.3  297.9
  534.0   5070  -20.0  -21.1     91   1.34    315     72  302.9  307.3  303.1
  503.0   5516  -22.3  -23.3     92   1.17    315     74  305.3  309.2  305.5
  500.0   5560  -22.5  -24.1     87   1.10    315     74  305.6  309.2  305.8
  445.0   6405  -27.5  -32.1     65   0.59    320     80  309.6  311.7  309.7
  400.0   7160  -33.5  -39.5     55   0.31    325     85  311.4  312.5  311.4
  390.0   7338  -34.7  -42.7     44   0.23    325     87  312.1  312.9  312.1
  303.0   9055  -49.5  -51.8     77   0.11    330     99  314.6  315.0  314.6
  300.0   9120  -50.1  -53.0     71   0.09    330     99  314.6  315.0  314.6
  274.0   9704  -55.1  -60.1     54   0.04    335    104  315.6  315.8  315.6
  263.0   9963  -57.5  -61.1     63   0.04    337    106  315.9  316.0  315.9
  250.0  10280  -60.1  -63.7     63   0.03    340    109  316.6  316.7  316.6
  249.0  10305  -60.3  -63.3     68   0.03    340    109  316.7  316.8  316.7
  247.0  10355  -60.6  -65.6     52   0.02    340    111  316.9  317.0  316.9
  245.0  10406  -60.9  -67.9     39   0.02    339    109  317.2  317.3  317.2
  236.0  10638  -62.3  -67.3     51   0.02    335    103  318.5  318.6  318.5
  231.0  10771  -62.7  -68.7     44   0.02    332    100  319.9  319.9  319.9
  217.0  11156  -63.9  -72.9     28   0.01    325     89  323.8  323.8  323.8
  210.0  11358  -62.5  -80.5      7   0.00    320     89  329.0  329.0  329.0
  200.0  11660  -62.1  -80.1      7   0.00    325     85  334.3  334.3  334.3
  184.0  12178  -60.6  -81.9      5   0.00    330     76  344.7  344.7  344.7
  177.0  12419  -60.0  -82.7      4   0.00    340     66  349.7  349.7  349.7
  167.0  12780  -58.9  -84.0      3   0.00    325     47  357.2  357.2  357.2
  163.0  12930  -58.5  -84.5      2   0.00    323     50  360.4  360.4  360.4
  156.0  13205  -58.9  -85.5      2   0.00    320     56  364.3  364.3  364.3
  150.0  13450  -59.3  -86.3      2   0.00    320     47  367.7  367.7  367.7
  143.0  13747  -59.7  -86.6      2   0.00    310     43  372.1  372.1  372.1
  100.0  15970  -62.5  -88.5      2   0.00    310     49  406.7  406.7  406.7
   89.3  16668  -64.5  -88.5      2   0.00    310     49  416.1  416.1  416.1
   76.0  17663  -63.0  -89.7      2   0.00    310     49  438.7  438.8  438.7
   74.0  17827  -62.8  -89.9      2   0.00    300     47  442.6  442.6  442.6
   70.0  18170  -62.3  -90.3      1   0.00    285     49  450.8  450.8  450.8
   69.0  18259  -62.1  -90.4      1   0.00    280     52  453.0  453.0  453.0
   65.0  18628  -61.4  -90.7      1   0.00    290     62  462.3  462.3  462.3
   58.9  19237  -60.3  -91.3      1   0.00    310     45  478.1  478.1  478.1
   56.0  19549  -60.9  -91.2      1   0.00    320     37  483.7  483.7  483.7
   50.0  20250  -62.1  -91.1      1   0.00    310     37  496.7  496.7  496.7
   47.0  20626  -63.0  -91.4      1   0.00    310     35  503.3  503.4  503.3
   45.0  20890  -63.7  -91.6      1   0.00    295     31  508.1  508.1  508.1
   41.0  21455  -65.1  -92.0      1   0.00    275     37  518.2  518.3  518.2
   37.0  22079  -66.6  -92.5      2   0.00    285     51  529.7  529.7  529.7
   31.0  23154  -69.3  -93.3      2   0.00    272     57  550.0  550.0  550.0
   30.0  23350  -67.9  -93.9      1   0.00    270     58  559.0  559.0  559.0
   20.8  25569  -64.1  -94.1      1   0.00    265     88  632.1  632.1  632.1
   20.0  25810  -62.1  -93.1      1   0.00    265     91  645.4  645.4  645.4
   18.5  26293  -59.9  -92.9      1   0.00    258     96  666.8  666.8  666.8
   17.0  26814  -63.3  -93.3      1   0.00    250    101  672.2  672.2  672.2
   16.1  27148  -65.5  -93.5      1   0.00    250    107  675.6  675.6  675.6
   15.0  27584  -63.2  -93.1      1   0.00    260    120  697.0  697.0  697.0
   13.3  28325  -59.3  -92.3      1   0.01    259    123  734.8  734.8  734.8
   11.7  29125  -59.9  -92.9      1   0.01    257    126  760.0  760.1  760.0
   10.0  30120  -52.9  -88.9      1   0.01    255    130  821.0  821.2  821.0
    9.9  30185  -52.7  -88.7      1   0.02    255    131  824.1  824.3  824.1
    8.8  30941  -54.7  -89.7      1   0.01    251    146  844.6  844.8  844.6
    8.4  31240  -52.5  -88.5      1   0.02    250    152  864.5  864.8  864.5
    8.0                                       250    152                     