  967.0    450    2.0    2.0    100   4.59    180      6  277.8  290.5  278.6
  925.0    810    0.4    0.4    100   4.28    210     25  279.7  291.7  280.4
  896.0   1066    0.1    0.0     99   4.29    245     29  282.0  294.1  282.7
  867.0   1330   -0.2   -0.4     98   4.30    260     39  284.3  296.7  285.1
  854.0   1451   -0.3   -0.6     98   4.31    268     39  285.4  297.8  286.2
  850.0   1489   -0.5   -0.8     98   4.26    270     39  285.6  297.9  286.4
  834.0   1641   -1.5   -1.6     99   4.10    275     39  286.1  298.0  286.8
  828.0   1698   -1.9   -1.9    100   4.04    271     39  286.3  298.0  287.0
  812.0   1853   -2.9   -2.9    100   3.82    260     41  286.8  297.9  287.5
  799.0   1981   -3.7  -20.7     25   0.93    251     43  287.3  290.2  287.4
  797.0   2001   -3.2  -21.9     22   0.84    250     43  288.0  290.7  288.2
  780.0   2173    1.0  -32.0      6   0.34    250     43  294.3  295.5  294.4
  778.0   2193    1.2  -23.8     14   0.72    250     43  294.8  297.2  294.9
  776.0   2214    1.0  -15.0     29   1.55    250     43  294.8  299.7  295.0
  750.0   2487   -0.3  -13.3     37   1.84    250     44  296.2  302.0  296.6
  738.0   2616   -0.8  -17.9     26   1.28    250     45  297.1  301.2  297.3
  707.0   2958   -2.1  -30.1     10   0.45    254     40  299.3  300.8  299.4
  700.0   3037   -2.3  -29.3     11   0.49    255     39  299.9  301.6  300.0
  676.0   3312   -4.0  -30.5     11   0.45    250     37  301.0  302.6  301.1
  659.0   3513   -5.3  -31.3     11   0.43    250     38  301.7  303.2  301.8
  576.0   4554  -13.7  -29.7     25   0.57    253     45  303.7  305.7  303.9
  564.0   4713  -15.3  -22.3     55   1.14    253     46  303.7  307.5  303.9
  526.0   5236  -20.1  -23.1     77   1.14    254     50  304.0  307.9  304.2
  525.0   5250  -20.3  -23.4     76   1.11    254     50  304.0  307.7  304.2
  500.0   5610  -22.1  -25.2     76   0.99    255     52  306.0  309.4  306.2
  486.0   5817  -23.7  -26.4     78   0.92    255     54  306.6  309.7  306.8
  472.0   6030  -25.3  -27.6     81   0.84    257     50  307.1  310.1  307.3
  447.0   6419  -27.5  -31.8     67   0.60    260     43  309.1  311.3  309.2
  441.0   6516  -28.1  -32.8     64   0.55    255     41  309.6  311.6  309.7
  414.0   6968  -30.7  -37.7     50   0.36    255     42  311.9  313.3  312.0
  400.0   7210  -32.9  -37.9     61   0.37    255     43  312.1  313.5  312.2
  388.0   7424  -34.3  -42.3     44   0.24    253     43  313.0  313.9  313.1
  339.0   8348  -42.0  -45.9     65   0.19    245     43  314.9  315.6  315.0
  323.0   8680  -44.7  -47.2     76   0.17    249     51  315.5  316.2  315.6
  317.0   8805  -45.7  -49.7     64   0.13    250     54  315.8  316.3  315.9
  314.0   8868  -46.1  -62.1     15   0.03    250     55  316.1  316.2  316.1
  309.0   8975  -47.1  -56.1     35   0.06    250     55  316.2  316.4  316.2
  305.0   9061  -47.7  -50.4     74   0.12    250     56  316.5  317.0  316.5
  300.0   9170  -48.5  -50.3     81   0.13    250     56  316.9  317.4  316.9
  295.0   9280  -49.3  -58.3     34   0.05    249     58  317.3  317.5  317.3
  282.0   9573  -51.7  -53.2     84   0.10    247     61  317.9  318.3  318.0
  262.0  10044  -55.7  -58.6     70   0.05    243     66  318.8  319.1  318.8
  258.0  10142  -56.7  -58.7     78   0.05    242     68  318.8  319.0  318.8
  256.0  10191  -57.1  -58.0     89   0.06    241     68  318.9  319.1  318.9
  250.0  10340  -58.1  -59.6     83   0.05    240     70  319.6  319.8  319.6
  242.0  10543  -59.4  -62.5     67   0.04    240     72  320.6  320.7  320.6
  223.0  11052  -62.7  -69.7     38   0.01    233     70  323.1  323.2  323.1
  217.0  11220  -62.7  -70.6     34   0.01    230     70  325.6  325.7  325.6
  216.0  11248  -62.7  -70.7     33   0.01    230     70  326.1  326.1  326.1
  207.0  11510  -64.3  -68.8     54   0.02    235     70  327.6  327.6  327.6
  203.0  11629  -64.3  -69.3     50   0.02    241     67  329.4  329.4  329.4
  200.0  11720  -63.7  -74.7     21   0.01    245     64  331.7  331.8  331.7
  199.0  11751  -62.3  -77.3     12   0.01    246     65  334.4  334.4  334.4
  194.0  11908  -61.2  -79.9      7   0.00    250     68  338.7  338.7  338.7
  186.0  12169  -59.3  -84.3      3   0.00    256     54  345.8  345.8  345.8
  175.0  12546  -60.3  -84.5      3   0.00    265     33  350.2  350.2  350.2
  150.0  13500  -62.9  -84.9      4   0.00    255     39  361.5  361.5  361.5
  142.0  13840  -61.0  -85.9      2   0.00    255     29  370.5  370.5  370.5
  139.0  13973  -60.3  -86.3      2   0.00    261     30  374.1  374.1  374.1
  122.0  14779  -63.9  -87.2      3   0.00    295     35  381.8  381.8  381.8
  120.0  14882  -64.3  -87.3      3   0.00    294     34  382.8  382.8  382.8
  109.0  15476  -60.6  -88.2      2   0.00    290     31  400.3  400.3  400.3
  108.0  15533  -60.3  -88.3      1   0.00    295     31  402.0  402.0  402.0
  105.0  15708  -61.5  -88.4      2   0.00    310     31  403.0  403.0  403.0
  100.0  16010  -63.5  -88.5      2   0.00    310     39  404.8  404.8  404.8
   87.0  16868  -62.2  -88.7      2   0.00    280     27  423.9  423.9  423.9
   82.8  17173  -61.7  -88.7      2   0.00    309     19  430.9  430.9  430.9
   82.0  17232  -62.0  -88.8      2   0.00    315     17  431.4  431.5  431.4
   81.0  17307  -62.4  -88.9      2   0.00    310     16  432.2  432.2  432.2
   74.0  17861  -65.2  -89.6      2   0.00    285     29  437.6  437.6  437.6
   72.8  17961  -65.7  -89.7      2   0.00    285     33  438.6  438.6  438.6
   70.0  18200  -64.9  -89.9      2   0.00    290     35  445.2  445.2  445.2
   69.0  18287  -65.0  -90.0      2   0.00    300     39  446.8  446.8  446.8
   66.0  18557  -65.3  -90.3      2   0.00    275     33  451.9  451.9  451.9
   62.0  18936  -65.7  -90.7      2   0.00    305     37  459.1  459.1  459.1
   58.0  19340  -66.2  -91.2      2   0.00    285     41  466.9  466.9  466.9
   54.0  19773  -66.7  -91.7      2   0.00    300     39  475.4  475.4  475.4
   53.9  19784  -66.7  -91.7      2   0.00    300     39  475.6  475.6  475.6
   50.0  20240  -64.3  -91.3      1   0.00    290     47  491.5  491.6  491.5
   46.0  20753  -62.8  -91.0      1   0.00    290     37  507.0  507.0  507.0
   43.7  21068  -61.9  -90.9      1   0.00    275     35  516.7  516.7  516.7
   43.0  21168  -61.9  -90.9      1   0.00    270     35  519.1  519.1  519.1
   39.0  21772  -61.9  -90.9      1   0.00    280     43  533.8  533.8  533.8
   37.0  22098  -61.9  -90.9      1   0.00    265     39  541.9  541.9  541.9
   30.0  23380  -66.7  -91.7      2   0.00    270     49  562.2  562.3  562.2
   29.1  23566  -67.7  -92.7      2   0.00    268     49  564.4  564.4  564.4
   28.0  23799  -68.0  -92.8      2   0.00    265     49  569.9  569.9  569.9
   25.0  24485  -68.8  -93.2      2   0.00    280     60  586.4  586.4  586.4
   24.0  24732  -69.0  -93.3      2   0.00    270     54  592.4  592.5  592.4
   22.5  25123  -69.5  -93.5      2   0.00    266     62  602.1  602.2  602.1
   20.0  25840  -65.5  -93.5      1   0.00    260     76  635.0  635.0  635.0
   17.0  26819  -66.7  -93.4      1   0.00    265    103  661.4  661.4  661.4
   15.6  27336  -67.3  -93.3      1   0.00    263    106  675.8  675.8  675.8
   14.0  28002  -64.8  -92.5      1   0.01    260    109  705.6  705.6  705.6
   12.0  28949  -61.2  -91.3      1   0.01    265    113  750.1  750.2  750.1
   10.0  30070  -56.9  -89.9      1   0.01    250    148  806.1  806.2  806.1
    9.4  30463  -55.7  -88.7      1   0.02    253    148  825.0  825.2  825.0
    9.2  30600  -56.1  -89.1      1   0.02    254    148  828.6  828.8  828.6
    9.0  30742  -54.7  -88.5      1   0.02    255    148  839.2  839.5  839.2
    8.2  31343  -48.7  -85.7      1   0.03    251    161  885.5  885.9  885.5
    7.1  32294  -46.7  -85.7      0   0.04    246    181  930.9  931.4  930.9
    7.0  32388  -47.1  -85.1      1   0.04    245    183  933.0  933.6  933.0
    6.6  32782  -40.9  -81.9      0   0.07                974.9  976.0  974.9