%Time [ms]	Commanded Torque [mNm]	Angular Velocity [RPM]	Actual Current [Amp]	%2/22/201910:42 AM
0.000	0.000	0.000	0.000
20.000	8.000	0.000	0.007
30.000	8.000	0.000	0.004
40.000	8.000	0.000	0.003
50.000	8.000	0.000	0.007
60.000	8.000	0.000	0.004
70.000	8.000	0.000	0.004
80.000	8.000	0.000	0.008
90.000	8.000	0.000	0.008
100.000	8.000	0.000	0.004
110.000	8.000	0.000	0.004
120.000	8.000	0.000	0.003
130.000	8.000	0.000	0.006
140.000	8.000	0.000	0.006
150.000	8.000	0.000	0.004
160.000	8.000	0.000	0.006
170.000	8.000	0.000	0.007
180.000	8.000	0.000	0.007
190.000	8.000	0.000	0.007
200.000	8.000	0.000	0.004
210.000	8.000	0.000	0.006
220.000	8.000	0.000	0.004
230.000	8.000	0.000	0.002
240.000	8.000	0.000	0.007
250.000	8.000	0.000	0.004
260.000	8.000	0.000	0.003
270.000	8.000	0.000	0.006
280.000	8.000	0.000	0.004
290.000	8.000	0.000	0.006
300.000	8.000	0.000	0.004
310.000	8.000	0.000	0.007
320.000	8.000	0.000	0.006
330.000	8.000	0.000	0.004
340.000	8.000	0.000	0.007
350.000	8.000	0.000	0.004
360.000	8.000	0.000	0.003
370.000	8.000	0.000	0.006
380.000	8.000	0.000	0.007
390.000	8.000	0.000	0.004
400.000	8.000	0.000	0.006
410.000	8.000	0.000	0.003
420.000	8.000	0.000	0.004
430.000	8.000	0.000	0.004
440.000	8.000	0.000	0.003
450.000	8.000	0.000	0.003
460.000	8.000	0.000	0.003
470.000	8.000	0.000	0.007
480.000	8.000	0.000	0.006
490.000	8.000	0.000	0.007
500.000	8.000	0.000	0.004
510.000	8.000	0.000	0.006
520.000	8.000	0.000	0.007
530.000	8.000	0.000	0.008
540.000	8.000	0.000	0.004
550.000	8.000	0.000	0.006
560.000	8.000	0.000	0.003
570.000	8.000	0.000	0.007
580.000	8.000	0.000	0.007
590.000	8.000	0.000	0.004
600.000	8.000	0.000	0.006
610.000	8.000	0.000	0.003
620.000	8.000	0.000	0.004
630.000	8.000	0.000	0.007
640.000	8.000	0.000	0.003
650.000	8.000	0.000	0.007
660.000	8.000	0.000	0.004
670.000	8.000	0.000	0.007
680.000	8.000	0.000	0.004
690.000	8.000	0.000	0.004
700.000	8.000	0.000	0.006
710.000	8.000	0.000	0.006
720.000	8.000	0.000	0.004
730.000	8.000	0.000	0.007
740.000	8.000	0.000	0.003
750.000	8.000	0.000	0.004
760.000	8.000	0.000	0.006
770.000	8.000	0.000	0.003
780.000	8.000	0.000	0.006
790.000	8.000	0.000	0.006
800.000	8.000	0.000	0.003
810.000	8.000	0.000	0.004
820.000	8.000	0.000	0.003
830.000	8.000	0.000	0.004
840.000	8.000	0.000	0.006
850.000	8.000	0.000	0.006
860.000	8.000	0.000	0.004
870.000	8.000	0.000	0.003
880.000	8.000	0.000	0.003
890.000	8.000	0.000	0.007
900.000	8.000	0.000	0.003
910.000	8.000	0.000	0.003
920.000	8.000	0.000	0.006
930.000	8.000	0.000	0.006
940.000	8.000	0.000	0.007
950.000	8.000	0.000	0.004
960.000	8.000	0.000	0.006
970.000	8.000	0.000	0.004
980.000	8.000	0.000	0.002
990.000	8.000	0.000	0.002
1000.000	8.000	0.000	0.001
1010.000	8.000	0.000	0.003
1020.000	8.000	0.000	0.001
1030.000	8.000	0.000	-0.002
1040.000	8.000	0.000	-0.000
1050.000	8.000	0.000	0.004
1060.000	8.000	0.000	0.031
1070.000	8.000	0.000	0.104
1080.000	8.000	0.000	0.163
1090.000	8.000	-0.073	0.208
1100.000	8.000	-0.073	0.234
1110.000	8.000	-0.146	0.262
1120.000	8.000	-0.213	0.274
1130.000	8.000	-0.294	0.283
1140.000	8.000	-0.441	0.292
1150.000	8.000	-0.514	0.300
1160.000	8.000	-0.661	0.306
1170.000	8.000	-0.807	0.307
1180.000	8.000	-1.027	0.311
1190.000	8.000	-1.247	0.314
1200.000	8.000	-1.466	0.312
1210.000	8.000	-1.613	0.314
1220.000	8.000	-1.766	0.313
1230.000	8.000	-1.904	0.317
1240.000	8.000	-2.024	0.317
1250.000	8.000	-2.195	0.319
1260.000	8.000	-2.342	0.316
1270.000	8.000	-2.561	0.319
1280.000	8.000	-2.854	0.319
1290.000	8.000	-2.854	0.318
1300.000	8.000	-2.927	0.317
1310.000	8.000	-2.927	0.316
1320.000	8.000	-2.927	0.317
1330.000	8.000	-3.041	0.318
1340.000	8.000	-3.263	0.317
1350.000	8.000	-3.531	0.317
1360.000	8.000	-3.678	0.319
1370.000	8.000	-3.678	0.317
1380.000	8.000	-3.531	0.323
1390.000	8.000	-3.704	0.321
1400.000	8.000	-4.144	0.321
1410.000	8.000	-4.363	0.318
1420.000	8.000	-4.510	0.324
1430.000	8.000	-4.543	0.322
1440.000	8.000	-4.494	0.322
1450.000	8.000	-4.648	0.318
1460.000	8.000	-4.696	0.322
1470.000	8.000	-4.843	0.318
1480.000	8.000	-5.063	0.318
1490.000	8.000	-5.402	0.318
1500.000	8.000	-5.182	0.316
1510.000	8.000	-5.209	0.321
1520.000	8.000	-5.413	0.318
1530.000	8.000	-5.925	0.317
1540.000	8.000	-6.072	0.317
1550.000	8.000	-5.992	0.319
1560.000	8.000	-6.382	0.321
1570.000	8.000	-6.536	0.317
1580.000	8.000	-6.519	0.318
1590.000	8.000	-6.373	0.316
1600.000	8.000	-6.739	0.318
1610.000	8.000	-6.932	0.321
1620.000	8.000	-7.095	0.317
1630.000	8.000	-7.148	0.318
1640.000	8.000	-7.213	0.318
1650.000	8.000	-7.360	0.317
1660.000	8.000	-7.506	0.316
1670.000	8.000	-7.500	0.317
1680.000	8.000	-7.955	0.319
1690.000	8.000	-8.162	0.318
1700.000	8.000	-7.934	0.318
1710.000	8.000	-8.300	0.318
1720.000	8.000	-8.447	0.317
1730.000	8.000	-8.320	0.316
1740.000	8.000	-8.768	0.321
1750.000	8.000	-8.768	0.317
1760.000	8.000	-8.800	0.316
1770.000	8.000	-9.093	0.317
1780.000	8.000	-9.020	0.319
1790.000	8.000	-9.326	0.318
1800.000	8.000	-9.481	0.318
1810.000	8.000	-9.521	0.317
1820.000	8.000	-9.618	0.317
1830.000	8.000	-9.985	0.317
1840.000	8.000	-9.838	0.316
1850.000	8.000	-9.985	0.317
1860.000	8.000	-10.172	0.318
1870.000	8.000	-10.152	0.317
1880.000	8.000	-10.583	0.321
1890.000	8.000	-10.290	0.317
1900.000	8.000	-10.730	0.317
1910.000	8.000	-10.690	0.317
1920.000	8.000	-11.031	0.319
1930.000	8.000	-10.725	0.317
1940.000	8.000	-11.156	0.319
1950.000	8.000	-11.376	0.319
1960.000	8.000	-11.463	0.319
1970.000	8.000	-11.507	0.322
1980.000	8.000	-11.442	0.318
1990.000	8.000	-11.662	0.318
2000.000	8.000	-11.808	0.323
2010.000	8.000	-11.735	0.324
2020.000	8.000	-11.748	0.322
2030.000	8.000	-12.266	0.321
2040.000	8.000	-12.201	0.317
2050.000	8.000	-12.201	0.323
2060.000	8.000	-12.188	0.316
2070.000	8.000	-12.676	0.318
2080.000	8.000	-12.423	0.316
2090.000	8.000	-12.871	0.319
2100.000	8.000	-12.724	0.318
2110.000	8.000	-13.310	0.314
2120.000	8.000	-13.077	0.318
2130.000	8.000	-13.085	0.317
2140.000	8.000	-13.165	0.319
2150.000	8.000	-13.369	0.319
2160.000	8.000	-13.588	0.319
2170.000	8.000	-13.442	0.317
2180.000	8.000	-13.915	0.316
2190.000	8.000	-13.613	0.319
2200.000	8.000	-13.700	0.316
2210.000	8.000	-13.952	0.316
2220.000	8.000	-14.026	0.317
2230.000	8.000	-14.245	0.317
2240.000	8.000	-14.458	0.317
2250.000	8.000	-14.328	0.316
2260.000	8.000	-14.321	0.316
2270.000	8.000	-14.631	0.317
2280.000	8.000	-14.484	0.317
2290.000	8.000	-14.777	0.317
2300.000	8.000	-14.910	0.317
2310.000	8.000	-14.658	0.319
2320.000	8.000	-14.951	0.316
2330.000	8.000	-14.967	0.318
2340.000	8.000	-14.967	0.318
2350.000	8.000	-15.334	0.316
2360.000	8.000	-15.340	0.319
2370.000	8.000	-15.324	0.317
2380.000	8.000	-15.464	0.317
2390.000	8.000	-15.635	0.317
2400.000	8.000	-15.708	0.316
2410.000	8.000	-15.854	0.319
2420.000	8.000	-16.001	0.317
2430.000	8.000	-15.838	0.318
2440.000	8.000	-15.891	0.318
2450.000	8.000	-16.225	0.321
2460.000	8.000	-16.079	0.322
2470.000	8.000	-16.225	0.319
2480.000	8.000	-16.525	0.321
2490.000	8.000	-16.280	0.318
2500.000	8.000	-16.407	0.321
2510.000	8.000	-16.757	0.318
2520.000	8.000	-16.903	0.319
2530.000	8.000	-16.903	0.319
2540.000	8.000	-17.070	0.318
2550.000	8.000	-17.322	0.319
2560.000	8.000	-17.322	0.319
2570.000	8.000	-17.029	0.318
2580.000	8.000	-17.542	0.316
2590.000	8.000	-17.542	0.316
2600.000	8.000	-17.415	0.316
2610.000	8.000	-17.432	0.319
2620.000	8.000	-17.432	0.319
2630.000	8.000	-17.578	0.317
2640.000	8.000	-17.505	0.317
2650.000	8.000	-17.505	0.317
2660.000	8.000	-17.578	0.316
2670.000	8.000	-18.018	0.318
2680.000	8.000	-18.018	0.318
2690.000	8.000	-18.018	0.316
2700.000	8.000	-18.311	0.317
2710.000	8.000	-18.311	0.317
2720.000	8.000	-18.384	0.319
2730.000	8.000	-18.237	0.316
2740.000	8.000	-18.237	0.316
2750.000	8.000	-18.457	0.317
2760.000	8.000	-18.604	0.318
2770.000	8.000	-18.604	0.318
2780.000	8.000	-18.604	0.317
2790.000	8.000	-18.823	0.319
2800.000	8.000	-18.823	0.319
2810.000	8.000	-18.896	0.317
2820.000	8.000	-19.189	0.317
2830.000	8.000	-19.189	0.317
2840.000	8.000	-19.482	0.316
2850.000	8.000	-19.336	0.321
2860.000	8.000	-19.336	0.321
2870.000	8.000	-19.263	0.321
2880.000	8.000	-19.702	0.324
2890.000	8.000	-19.702	0.324
2900.000	8.000	-19.629	0.317
2910.000	8.000	-19.409	0.319
2920.000	8.000	-19.409	0.319
2930.000	8.000	-19.556	0.319
2940.000	8.000	-19.922	0.319
2950.000	8.000	-19.922	0.319
2960.000	8.000	-20.142	0.317
2970.000	8.000	-20.288	0.317
2980.000	8.000	-20.288	0.317
2990.000	8.000	-20.068	0.317
3000.000	8.000	-20.288	0.317
3010.000	8.000	-20.288	0.317
3020.000	8.000	-20.728	0.316
3030.000	8.000	-20.801	0.316
3040.000	8.000	-20.801	0.316
3050.000	8.000	-21.021	0.318
3060.000	8.000	-21.240	0.317
3070.000	8.000	-21.240	0.317
3080.000	8.000	-21.094	0.316
3090.000	8.000	-21.240	0.318
3100.000	8.000	-21.240	0.318
3110.000	8.000	-21.533	0.318
3120.000	8.000	-21.460	0.317
3130.000	8.000	-21.327	0.317
3140.000	8.000	-21.563	0.318
3150.000	8.000	-21.856	0.318
3160.000	8.000	-21.856	0.318
3170.000	8.000	-21.709	0.318
3180.000	8.000	-22.002	0.317
3190.000	8.000	-22.002	0.317
3200.000	8.000	-22.368	0.319
3210.000	8.000	-22.515	0.321
3220.000	8.000	-22.515	0.321
3230.000	8.000	-22.648	0.319
3240.000	8.000	-22.705	0.322
3250.000	8.000	-22.705	0.322
3260.000	8.000	-22.852	0.319
3270.000	8.000	-23.071	0.318
3280.000	8.000	-23.071	0.318
3290.000	8.000	-22.998	0.319
3300.000	8.000	-23.145	0.318
3310.000	8.000	-23.145	0.318
3320.000	8.000	-23.291	0.317
3330.000	8.000	-23.364	0.318
3340.000	8.000	-23.364	0.318
3350.000	8.000	-23.511	0.319
3360.000	8.000	-23.730	0.321
3370.000	8.000	-23.730	0.321
3380.000	8.000	-23.730	0.316
3390.000	8.000	-24.023	0.316
3400.000	8.000	-24.023	0.316
3410.000	8.000	-24.097	0.316
3420.000	8.000	-24.316	0.316
3430.000	8.000	-24.316	0.316
3440.000	8.000	-24.316	0.317
3450.000	8.000	-24.463	0.318
3460.000	8.000	-24.463	0.318
3470.000	8.000	-24.902	0.317
3480.000	8.000	-25.269	0.319
3490.000	8.000	-25.269	0.319
3500.000	8.000	-25.122	0.316
3510.000	8.000	-25.488	0.319
3520.000	8.000	-25.488	0.319
3530.000	8.000	-25.562	0.318
3540.000	8.000	-25.708	0.319
3550.000	8.000	-25.708	0.319
3560.000	8.000	-25.928	0.321
3570.000	8.000	-26.221	0.323
3580.000	8.000	-26.221	0.323
3590.000	8.000	-26.001	0.323
3600.000	8.000	-26.221	0.316
3610.000	8.000	-26.221	0.316
3620.000	8.000	-26.367	0.322
3630.000	8.000	-26.660	0.314
3640.000	8.000	-26.660	0.314
3650.000	8.000	-27.173	0.318
3660.000	8.000	-27.173	0.319
3670.000	8.000	-27.173	0.319
3680.000	8.000	-27.026	0.319
3690.000	8.000	-27.173	0.317
3700.000	8.000	-27.539	0.316
3710.000	8.000	-27.539	0.319
3720.000	8.000	-27.759	0.316
3730.000	8.000	-27.506	0.314
3740.000	8.000	-27.880	0.318
3750.000	8.000	-27.953	0.318
3760.000	8.000	-28.100	0.317
3770.000	8.000	-28.173	0.318
3780.000	8.000	-28.173	0.317
3790.000	8.000	-28.260	0.317
3800.000	8.000	-28.520	0.321
3810.000	8.000	-28.667	0.317
3820.000	8.000	-28.667	0.317
3830.000	8.000	-29.139	0.319
3840.000	8.000	-29.058	0.317
3850.000	8.000	-28.638	0.318
3860.000	8.000	-29.094	0.318
3870.000	8.000	-29.167	0.322
3880.000	8.000	-29.753	0.322
3890.000	8.000	-29.740	0.319
3900.000	8.000	-29.333	0.319
3910.000	8.000	-29.746	0.318
3920.000	8.000	-29.901	0.318
3930.000	8.000	-29.901	0.317
3940.000	8.000	-30.340	0.317
3950.000	8.000	-30.467	0.319
3960.000	8.000	-30.377	0.321
3970.000	8.000	-30.710	0.319
3980.000	8.000	-30.588	0.314
3990.000	8.000	-30.881	0.319
4000.000	8.000	-31.467	0.322
4010.000	8.000	-31.200	0.317
4020.000	8.000	-31.266	0.314
4030.000	8.000	-31.592	0.321
4040.000	8.000	-31.478	0.318
4050.000	8.000	-31.844	0.318
4060.000	8.000	-32.037	0.317
4070.000	8.000	-32.355	0.316
4080.000	8.000	-32.624	0.318
4090.000	8.000	-32.544	0.318
4100.000	8.000	-32.935	0.316
4110.000	8.000	-33.301	0.317
4120.000	8.000	-33.354	0.318
4130.000	8.000	-33.687	0.316
4140.000	8.000	-34.021	0.316
4150.000	8.000	-33.861	0.317
4160.000	8.000	-34.246	0.322
4170.000	8.000	-34.327	0.319
4180.000	8.000	-34.147	0.323
4190.000	8.000	-34.894	0.321
4200.000	8.000	-34.357	0.322
4210.000	8.000	-34.524	0.316
4220.000	8.000	-35.301	0.317
4230.000	8.000	-35.081	0.321
4240.000	8.000	-34.755	0.318
4250.000	8.000	-35.842	0.317
4260.000	8.000	-35.997	0.318
4270.000	8.000	-35.464	0.318
4280.000	8.000	-36.352	0.318
4290.000	8.000	-36.124	0.316
4300.000	8.000	-36.417	0.316
4310.000	8.000	-36.861	0.317
4320.000	8.000	-36.617	0.319
4330.000	8.000	-36.703	0.314
4340.000	8.000	-37.428	0.316
4350.000	8.000	-37.233	0.317
4360.000	8.000	-36.893	0.319
4370.000	8.000	-37.914	0.318
4380.000	8.000	-37.573	0.317
4390.000	8.000	-37.386	0.321
4400.000	8.000	-38.118	0.319
4410.000	8.000	-38.021	0.317
4420.000	8.000	-37.821	0.319
4430.000	8.000	-38.605	0.317
4440.000	8.000	-38.280	0.321
4450.000	8.000	-37.987	0.322
4460.000	8.000	-39.067	0.322
4470.000	8.000	-38.652	0.318
4480.000	8.000	-38.439	0.318
4490.000	8.000	-39.504	0.317
4500.000	8.000	-38.845	0.317
4510.000	8.000	-38.765	0.317
4520.000	8.000	-39.779	0.317
4530.000	8.000	-39.274	0.321
4540.000	8.000	-39.274	0.317
4550.000	8.000	-40.007	0.316
4560.000	8.000	-39.486	0.316
4570.000	8.000	-39.412	0.319
4580.000	8.000	-40.211	0.316
4590.000	8.000	-39.992	0.319
4600.000	8.000	-39.852	0.317
4610.000	8.000	-40.436	0.317
4620.000	8.000	-40.062	0.318
4630.000	8.000	-40.049	0.316
4640.000	8.000	-40.618	0.316
4650.000	8.000	-40.325	0.317
4660.000	8.000	-40.299	0.318
4670.000	8.000	-41.113	0.318
4680.000	8.000	-40.527	0.318
4690.000	8.000	-40.280	0.317
4700.000	8.000	-41.079	0.319
4710.000	8.000	-40.721	0.317
4720.000	8.000	-40.721	0.317
4730.000	8.000	-41.247	0.319
4740.000	8.000	-41.263	0.319
4750.000	8.000	-41.090	0.317
4760.000	8.000	-41.394	0.317
4770.000	8.000	-41.019	0.318
4780.000	8.000	-41.073	0.318
4790.000	8.000	-41.620	0.316
4800.000	8.000	-41.327	0.318
4810.000	8.000	-41.300	0.317
4820.000	8.000	-41.919	0.319
4830.000	8.000	-41.919	0.318
4840.000	8.000	-41.599	0.318
4850.000	8.000	-41.903	0.316
4860.000	8.000	-41.772	0.317
4870.000	8.000	-41.666	0.317
4880.000	8.000	-42.443	0.318
4890.000	8.000	-42.215	0.317
4900.000	8.000	-41.975	0.314
4910.000	8.000	-42.767	0.318
4920.000	8.000	-42.368	0.316
4930.000	8.000	-42.175	0.319
4940.000	8.000	-42.967	0.321
4950.000	8.000	-42.910	0.318
4960.000	8.000	-42.736	0.319
4970.000	8.000	-43.380	0.316
4980.000	8.000	-43.063	0.325
4990.000	8.000	-42.943	0.321
5000.000	8.000	-43.720	0.321
5010.000	8.000	-43.174	0.321
5020.000	8.000	-42.981	0.317
5030.000	8.000	-43.573	0.319
5040.000	8.000	-43.248	0.317
5050.000	8.000	-43.201	0.317
5060.000	8.000	-44.155	0.321
5070.000	8.000	-43.911	0.316
5080.000	8.000	-43.718	0.323
5090.000	8.000	-44.391	0.317
5100.000	8.000	-44.001	0.318
5110.000	8.000	-44.021	0.322
5120.000	8.000	-44.694	0.317
5130.000	8.000	-44.368	0.314
5140.000	8.000	-44.235	0.317
5150.000	8.000	-44.990	0.318
5160.000	8.000	-44.575	0.319
5170.000	8.000	-44.442	0.319
5180.000	8.000	-45.196	0.319
5190.000	8.000	-44.863	0.316
5200.000	8.000	-44.876	0.318
5210.000	8.000	-45.483	0.317
5220.000	8.000	-45.149	0.318
5230.000	8.000	-45.082	0.317
5240.000	8.000	-45.704	0.319
5250.000	8.000	-45.362	0.321
5260.000	8.000	-45.156	0.318
5270.000	8.000	-45.940	0.318
5280.000	8.000	-45.598	0.317
5290.000	8.000	-45.525	0.321
5300.000	8.000	-46.228	0.317
5310.000	8.000	-46.114	0.316
5320.000	8.000	-45.907	0.319
5330.000	8.000	-46.706	0.318
5340.000	8.000	-46.438	0.318
5350.000	8.000	-46.291	0.314
5360.000	8.000	-46.994	0.321
5370.000	8.000	-46.636	0.317
5380.000	8.000	-46.490	0.317
5390.000	8.000	-47.303	0.316
5400.000	8.000	-47.027	0.317
5410.000	8.000	-46.734	0.318
5420.000	8.000	-47.518	0.319
5430.000	8.000	-47.078	0.316
5440.000	8.000	-46.859	0.321
5450.000	8.000	-47.835	0.316
5460.000	8.000	-47.632	0.317
5470.000	8.000	-47.405	0.323
5480.000	8.000	-48.219	0.316
5490.000	8.000	-47.772	0.318
5500.000	8.000	-47.678	0.319
5510.000	8.000	-48.736	0.318
5520.000	8.000	-48.745	0.316
5530.000	8.000	-48.651	0.316
5540.000	8.000	-49.709	0.318
5550.000	8.000	-49.172	0.318
5560.000	8.000	-49.006	0.316
5570.000	8.000	-49.916	0.319
5580.000	8.000	-49.908	0.318
5590.000	8.000	-49.874	0.316
5600.000	8.000	-50.814	0.317
5610.000	8.000	-50.269	0.318
5620.000	8.000	-49.809	0.317
5630.000	8.000	-50.667	0.317
5640.000	8.000	-50.781	0.318
5650.000	8.000	-50.781	0.318
5660.000	8.000	-51.241	0.318
5670.000	8.000	-50.997	0.317
5680.000	8.000	-50.724	0.316
5690.000	8.000	-51.693	0.318
5700.000	8.000	-51.432	0.318
5710.000	8.000	-51.725	0.319
5720.000	8.000	-52.185	0.318
5730.000	8.000	-51.859	0.318
5740.000	8.000	-51.866	0.319
5750.000	8.000	-52.216	0.319
5760.000	8.000	-52.362	0.318
5770.000	8.000	-52.509	0.319
5780.000	8.000	-53.001	0.316
5790.000	8.000	-52.578	0.319
5800.000	8.000	-52.165	0.316
5810.000	8.000	-52.662	0.319
5820.000	8.000	-53.101	0.318
5830.000	8.000	-53.321	0.319
5840.000	8.000	-53.461	0.316
5850.000	8.000	-53.331	0.317
5860.000	8.000	-53.191	0.322
5870.000	8.000	-53.614	0.318
5880.000	8.000	-53.468	0.319
5890.000	8.000	-53.687	0.317
5900.000	8.000	-54.173	0.319
5910.000	8.000	-53.897	0.321
5920.000	8.000	-53.730	0.321
5930.000	8.000	-53.999	0.317
5940.000	8.000	-54.072	0.321
5950.000	8.000	-54.145	0.318
5960.000	8.000	-54.505	0.317
5970.000	8.000	-54.082	0.319
5980.000	8.000	-54.135	0.318
5990.000	8.000	-54.582	0.316
6000.000	8.000	-54.509	0.321
6010.000	8.000	-54.729	0.317
6020.000	8.000	-54.749	0.316
6030.000	8.000	-54.554	0.317
6040.000	8.000	-54.740	0.319
6050.000	8.000	-54.878	0.277
6060.000	8.000	-54.805	0.205
6070.000	8.000	-55.098	0.150
6080.000	8.000	-55.191	0.113
6090.000	8.000	-54.524	0.083
6100.000	8.000	-54.644	0.062
6110.000	8.000	-54.864	0.047
6120.000	8.000	-54.790	0.036
6130.000	8.000	-55.083	0.029
6140.000	8.000	-54.897	0.019
6150.000	8.000	-54.539	0.013
6160.000	8.000	-54.519	0.010
6170.000	8.000	-54.730	0.008
6180.000	8.000	-54.584	0.006
6190.000	8.000	-54.804	0.008
6200.000	8.000	-54.830	0.002
6210.000	8.000	-54.244	0.006
6220.000	8.000	-54.537	0.004
6230.000	8.000	-54.244	0.003
6240.000	8.000	-54.171	0.003
6250.000	8.000	-53.745	0.003
6260.000	8.000	-54.278	0.003
6270.000	8.000	-53.846	0.006
6280.000	8.000	-53.500	0.003
6290.000	8.000	-54.029	0.003
6300.000	8.000	-54.029	0.003
6310.000	8.000	-53.550	0.007
6320.000	8.000	-53.761	0.007
6330.000	8.000	-53.761	0.004
6340.000	8.000	-53.555	0.007
6350.000	8.000	-54.258	0.006
6360.000	8.000	-53.745	0.007
6370.000	8.000	-53.525	0.007
6380.000	8.000	-54.132	0.002
6390.000	8.000	-53.310	0.001
6400.000	8.000	-52.884	0.004
6410.000	8.000	-53.868	0.004
6420.000	8.000	-53.290	0.004
6430.000	8.000	-52.664	0.001
6440.000	8.000	-53.611	0.007
6450.000	8.000	-53.188	0.003
6460.000	8.000	-52.635	0.004
6470.000	8.000	-53.042	0.007
6480.000	8.000	-52.635	0.008
6490.000	8.000	-52.495	0.004
6500.000	8.000	-53.117	0.003
6510.000	8.000	-52.393	0.003
6520.000	8.000	-51.986	0.004
6530.000	8.000	-52.970	0.003
6540.000	8.000	-52.376	0.004
6550.000	8.000	-51.830	0.003
6560.000	8.000	-52.489	0.001
6570.000	8.000	-52.009	0.001
6580.000	8.000	-51.809	0.003
6590.000	8.000	-52.445	0.001
6600.000	8.000	-52.103	0.004
6610.000	8.000	-51.710	-0.000
6620.000	8.000	-52.532	0.001
6630.000	8.000	-51.954	0.006
6640.000	8.000	-51.534	0.004
6650.000	8.000	-52.341	0.006
6660.000	8.000	-52.015	0.006
6670.000	8.000	-51.889	0.004
6680.000	8.000	-52.658	0.006
6690.000	8.000	-52.089	0.003
6700.000	8.000	-51.543	0.004
6710.000	8.000	-52.578	0.004
6720.000	8.000	-52.236	0.004
6730.000	8.000	-52.383	0.003
6740.000	8.000	-52.436	0.002
6750.000	8.000	-51.956	0.003
6760.000	8.000	-51.690	0.003
6770.000	8.000	-52.378	0.007
6780.000	8.000	-51.955	0.003
6790.000	8.000	-52.028	0.001
6800.000	8.000	-52.427	0.003
6810.000	8.000	-51.931	0.004
6820.000	8.000	-52.224	0.002
6830.000	8.000	-51.858	0.006
6840.000	8.000	-52.004	0.006
6850.000	8.000	-52.004	0.006
6860.000	8.000	-52.490	0.007
6870.000	8.000	-52.075	0.006
6880.000	8.000	-51.596	0.007
6890.000	8.000	-51.929	0.006
6900.000	8.000	-51.929	0.003
6910.000	8.000	-51.723	0.003
6920.000	8.000	-51.772	0.006
6930.000	8.000	-51.918	0.004
6940.000	8.000	-51.386	0.006
6950.000	8.000	-51.866	0.001
6960.000	8.000	-51.646	0.002
6970.000	8.000	-51.373	0.002
6980.000	8.000	-52.113	0.003
6990.000	8.000	-51.633	0.001
7000.000	8.000	-51.233	0.006
7010.000	8.000	-51.773	0.004
7020.000	8.000	-51.358	0.004
