%Time [ms]	Commanded Torque [mNm]	Angular Velocity [RPM]	Actual Current [Amp]	%2/22/201910:46 AM
0.000	0.000	0.000	0.000
20.000	6.000	0.000	0.001
30.000	6.000	0.000	0.007
40.000	6.000	0.000	0.004
50.000	6.000	0.000	0.004
60.000	6.000	0.000	0.006
70.000	6.000	0.000	0.007
80.000	6.000	0.000	0.007
90.000	6.000	0.000	0.004
100.000	6.000	0.000	0.002
110.000	6.000	0.000	0.006
120.000	6.000	0.000	0.006
130.000	6.000	0.000	0.003
140.000	6.000	0.000	0.007
150.000	6.000	0.000	0.008
160.000	6.000	0.000	0.008
170.000	6.000	0.000	0.006
180.000	6.000	0.000	0.004
190.000	6.000	0.000	0.002
200.000	6.000	0.000	0.004
210.000	6.000	0.000	0.006
220.000	6.000	0.000	0.003
230.000	6.000	0.000	0.004
240.000	6.000	0.000	0.007
250.000	6.000	0.000	0.006
260.000	6.000	0.000	0.004
270.000	6.000	0.000	0.006
280.000	6.000	0.000	0.004
290.000	6.000	0.000	0.008
300.000	6.000	0.000	0.004
310.000	6.000	0.000	0.004
320.000	6.000	0.000	0.006
330.000	6.000	0.000	0.008
340.000	6.000	0.000	0.006
350.000	6.000	0.000	0.004
360.000	6.000	0.000	0.004
370.000	6.000	0.000	0.003
380.000	6.000	0.000	0.006
390.000	6.000	0.000	0.006
400.000	6.000	0.000	0.007
410.000	6.000	0.000	0.004
420.000	6.000	0.000	0.004
430.000	6.000	0.000	0.008
440.000	6.000	0.000	0.007
450.000	6.000	0.000	0.007
460.000	6.000	0.000	0.006
470.000	6.000	0.000	0.004
480.000	6.000	0.000	0.006
490.000	6.000	0.000	0.006
500.000	6.000	0.000	0.004
510.000	6.000	0.000	0.001
520.000	6.000	0.000	0.008
530.000	6.000	0.000	0.006
540.000	6.000	0.000	0.006
550.000	6.000	0.000	0.006
560.000	6.000	0.000	0.004
570.000	6.000	0.000	0.004
580.000	6.000	0.000	0.004
590.000	6.000	0.000	0.003
600.000	6.000	0.000	0.002
610.000	6.000	0.000	0.004
620.000	6.000	0.000	0.006
630.000	6.000	0.000	0.004
640.000	6.000	0.000	0.003
650.000	6.000	0.000	0.004
660.000	6.000	0.000	0.006
670.000	6.000	0.000	0.002
680.000	6.000	0.000	0.003
690.000	6.000	0.000	0.004
700.000	6.000	0.000	0.001
710.000	6.000	0.000	0.004
720.000	6.000	0.000	0.004
730.000	6.000	0.000	0.006
740.000	6.000	0.000	0.007
750.000	6.000	0.000	0.007
760.000	6.000	0.000	0.004
770.000	6.000	0.000	0.008
780.000	6.000	0.000	0.006
790.000	6.000	0.000	0.006
800.000	6.000	0.000	0.004
810.000	6.000	0.000	0.004
820.000	6.000	0.000	0.007
830.000	6.000	0.000	0.004
840.000	6.000	0.000	0.006
850.000	6.000	0.000	0.004
860.000	6.000	0.000	0.007
870.000	6.000	0.000	0.007
880.000	6.000	0.000	0.004
890.000	6.000	0.000	0.004
900.000	6.000	0.000	0.008
910.000	6.000	0.000	0.002
920.000	6.000	0.000	0.002
930.000	6.000	0.000	0.003
940.000	6.000	0.000	0.006
950.000	6.000	0.000	0.007
960.000	6.000	0.000	0.008
970.000	6.000	0.000	0.006
980.000	6.000	0.000	0.006
990.000	6.000	0.000	0.003
1000.000	6.000	0.000	0.002
1010.000	6.000	0.000	0.003
1020.000	6.000	0.000	0.004
1030.000	6.000	0.000	0.004
1040.000	6.000	0.000	0.006
1050.000	6.000	0.000	0.006
1060.000	6.000	0.000	0.004
1070.000	6.000	0.000	0.013
1080.000	6.000	-0.073	0.075
1090.000	6.000	-0.073	0.122
1100.000	6.000	-0.073	0.156
1110.000	6.000	-0.146	0.180
1120.000	6.000	-0.146	0.194
1130.000	6.000	-0.228	0.205
1140.000	6.000	-0.301	0.216
1150.000	6.000	-0.374	0.220
1160.000	6.000	-0.448	0.225
1170.000	6.000	-0.594	0.231
1180.000	6.000	-0.587	0.235
1190.000	6.000	-0.750	0.234
1200.000	6.000	-0.897	0.236
1210.000	6.000	-1.043	0.238
1220.000	6.000	-1.263	0.236
1230.000	6.000	-1.401	0.236
1240.000	6.000	-1.594	0.238
1250.000	6.000	-1.684	0.240
1260.000	6.000	-1.830	0.241
1270.000	6.000	-1.904	0.239
1280.000	6.000	-1.983	0.244
1290.000	6.000	-1.967	0.241
1300.000	6.000	-2.020	0.236
1310.000	6.000	-2.045	0.240
1320.000	6.000	-2.118	0.240
1330.000	6.000	-2.191	0.241
1340.000	6.000	-2.364	0.239
1350.000	6.000	-2.495	0.242
1360.000	6.000	-2.541	0.240
1370.000	6.000	-2.647	0.241
1380.000	6.000	-2.867	0.236
1390.000	6.000	-3.087	0.240
1400.000	6.000	-3.399	0.235
1410.000	6.000	-3.595	0.240
1420.000	6.000	-3.568	0.240
1430.000	6.000	-3.601	0.240
1440.000	6.000	-3.454	0.239
1450.000	6.000	-3.527	0.241
1460.000	6.000	-3.774	0.239
1470.000	6.000	-3.961	0.239
1480.000	6.000	-3.994	0.236
1490.000	6.000	-4.035	0.240
1500.000	6.000	-3.962	0.239
1510.000	6.000	-4.181	0.244
1520.000	6.000	-4.428	0.239
1530.000	6.000	-4.469	0.236
1540.000	6.000	-4.542	0.239
1550.000	6.000	-4.542	0.238
1560.000	6.000	-4.542	0.236
1570.000	6.000	-4.628	0.242
1580.000	6.000	-4.798	0.242
1590.000	6.000	-4.831	0.238
1600.000	6.000	-4.978	0.239
1610.000	6.000	-5.051	0.239
1620.000	6.000	-5.051	0.236
1630.000	6.000	-5.124	0.236
1640.000	6.000	-5.270	0.238
1650.000	6.000	-5.783	0.239
1660.000	6.000	-5.783	0.239
1670.000	6.000	-5.770	0.241
1680.000	6.000	-5.859	0.236
1690.000	6.000	-6.152	0.241
1700.000	6.000	-6.136	0.235
1710.000	6.000	-5.916	0.238
1720.000	6.000	-6.136	0.241
1730.000	6.000	-6.429	0.241
1740.000	6.000	-6.502	0.240
1750.000	6.000	-6.429	0.239
1760.000	6.000	-6.738	0.240
1770.000	6.000	-6.738	0.238
1780.000	6.000	-6.678	0.239
1790.000	6.000	-6.922	0.240
1800.000	6.000	-7.012	0.240
1810.000	6.000	-7.305	0.242
1820.000	6.000	-7.525	0.240
1830.000	6.000	-7.451	0.241
1840.000	6.000	-7.465	0.236
1850.000	6.000	-7.790	0.235
1860.000	6.000	-7.628	0.239
1870.000	6.000	-7.847	0.236
1880.000	6.000	-8.273	0.240
1890.000	6.000	-7.883	0.239
1900.000	6.000	-7.956	0.240
1910.000	6.000	-8.290	0.238
1920.000	6.000	-8.070	0.240
1930.000	6.000	-8.509	0.236
1940.000	6.000	-8.716	0.236
1950.000	6.000	-8.317	0.240
1960.000	6.000	-8.583	0.239
1970.000	6.000	-8.673	0.238
1980.000	6.000	-8.600	0.241
1990.000	6.000	-9.039	0.240
2000.000	6.000	-8.966	0.238
2010.000	6.000	-8.925	0.238
2020.000	6.000	-8.992	0.238
2030.000	6.000	-9.032	0.241
2040.000	6.000	-9.252	0.239
2050.000	6.000	-9.325	0.239
2060.000	6.000	-9.466	0.241
2070.000	6.000	-9.523	0.238
2080.000	6.000	-9.669	0.240
2090.000	6.000	-9.596	0.240
2100.000	6.000	-9.743	0.239
2110.000	6.000	-9.816	0.240
2120.000	6.000	-9.969	0.242
2130.000	6.000	-10.075	0.240
2140.000	6.000	-9.782	0.239
2150.000	6.000	-10.270	0.238
2160.000	6.000	-10.156	0.236
2170.000	6.000	-10.229	0.238
2180.000	6.000	-10.303	0.241
2190.000	6.000	-10.156	0.242
2200.000	6.000	-10.549	0.240
2210.000	6.000	-10.435	0.241
2220.000	6.000	-10.801	0.236
2230.000	6.000	-10.362	0.239
2240.000	6.000	-10.875	0.236
2250.000	6.000	-10.606	0.240
2260.000	6.000	-10.846	0.240
2270.000	6.000	-10.878	0.239
2280.000	6.000	-10.805	0.240
2290.000	6.000	-11.171	0.238
2300.000	6.000	-11.218	0.236
2310.000	6.000	-11.185	0.240
2320.000	6.000	-10.932	0.239
2330.000	6.000	-11.347	0.241
2340.000	6.000	-11.421	0.239
2350.000	6.000	-11.494	0.239
2360.000	6.000	-11.327	0.241
2370.000	6.000	-11.515	0.238
2380.000	6.000	-11.681	0.239
2390.000	6.000	-11.730	0.236
2400.000	6.000	-11.657	0.241
2410.000	6.000	-11.803	0.239
2420.000	6.000	-12.056	0.242
2430.000	6.000	-11.934	0.240
2440.000	6.000	-11.814	0.241
2450.000	6.000	-12.009	0.240
2460.000	6.000	-12.449	0.239
2470.000	6.000	-12.156	0.239
2480.000	6.000	-12.209	0.239
2490.000	6.000	-12.087	0.240
2500.000	6.000	-12.314	0.238
2510.000	6.000	-12.200	0.241
2520.000	6.000	-12.273	0.236
2530.000	6.000	-12.493	0.238
2540.000	6.000	-12.539	0.240
2550.000	6.000	-12.490	0.240
2560.000	6.000	-12.217	0.241
2570.000	6.000	-12.893	0.241
2580.000	6.000	-12.600	0.239
2590.000	6.000	-12.893	0.238
2600.000	6.000	-12.740	0.238
2610.000	6.000	-13.220	0.240
2620.000	6.000	-12.827	0.239
2630.000	6.000	-13.055	0.241
2640.000	6.000	-13.275	0.239
2650.000	6.000	-13.275	0.240
2660.000	6.000	-13.401	0.238
2670.000	6.000	-13.019	0.236
2680.000	6.000	-13.458	0.240
2690.000	6.000	-13.206	0.238
2700.000	6.000	-13.426	0.239
2710.000	6.000	-13.426	0.238
2720.000	6.000	-13.525	0.239
2730.000	6.000	-13.444	0.241
2740.000	6.000	-13.244	0.238
2750.000	6.000	-13.700	0.238
2760.000	6.000	-13.554	0.239
2770.000	6.000	-13.773	0.240
2780.000	6.000	-13.846	0.239
2790.000	6.000	-13.879	0.241
2800.000	6.000	-13.879	0.239
2810.000	6.000	-13.969	0.236
2820.000	6.000	-14.188	0.240
2830.000	6.000	-14.188	0.239
2840.000	6.000	-14.242	0.239
2850.000	6.000	-14.152	0.241
2860.000	6.000	-14.105	0.241
2870.000	6.000	-14.105	0.239
2880.000	6.000	-14.252	0.241
2890.000	6.000	-14.252	0.236
2900.000	6.000	-14.325	0.236
2910.000	6.000	-14.236	0.242
2920.000	6.000	-14.049	0.240
2930.000	6.000	-14.293	0.240
2940.000	6.000	-14.440	0.238
2950.000	6.000	-14.367	0.236
2960.000	6.000	-14.706	0.235
2970.000	6.000	-14.633	0.236
2980.000	6.000	-14.413	0.239
2990.000	6.000	-14.788	0.239
3000.000	6.000	-14.714	0.240
3010.000	6.000	-14.861	0.240
3020.000	6.000	-14.974	0.240
3030.000	6.000	-14.730	0.238
3040.000	6.000	-14.863	0.239
3050.000	6.000	-14.700	0.239
3060.000	6.000	-14.773	0.242
3070.000	6.000	-15.066	0.241
3080.000	6.000	-14.847	0.241
3090.000	6.000	-14.912	0.238
3100.000	6.000	-15.132	0.240
3110.000	6.000	-14.692	0.239
3120.000	6.000	-15.132	0.239
3130.000	6.000	-15.265	0.242
3140.000	6.000	-15.050	0.238
3150.000	6.000	-15.433	0.238
3160.000	6.000	-15.579	0.236
3170.000	6.000	-15.140	0.238
3180.000	6.000	-15.579	0.236
3190.000	6.000	-15.566	0.241
3200.000	6.000	-15.265	0.239
3210.000	6.000	-15.704	0.240
3220.000	6.000	-15.777	0.241
3230.000	6.000	-15.351	0.238
3240.000	6.000	-15.652	0.238
3250.000	6.000	-15.632	0.240
3260.000	6.000	-15.258	0.241
3270.000	6.000	-15.698	0.241
3280.000	6.000	-15.771	0.240
3290.000	6.000	-15.345	0.241
3300.000	6.000	-15.646	0.241
3310.000	6.000	-15.692	0.236
3320.000	6.000	-15.318	0.238
3330.000	6.000	-15.831	0.240
3340.000	6.000	-15.977	0.241
3350.000	6.000	-15.704	0.241
3360.000	6.000	-16.152	0.238
3370.000	6.000	-16.152	0.238
3380.000	6.000	-15.859	0.239
3390.000	6.000	-16.445	0.240
3400.000	6.000	-16.445	0.240
3410.000	6.000	-16.252	0.240
3420.000	6.000	-16.553	0.238
3430.000	6.000	-16.553	0.238
3440.000	6.000	-16.406	0.238
3450.000	6.000	-16.553	0.236
3460.000	6.000	-16.553	0.236
3470.000	6.000	-16.479	0.242
3480.000	6.000	-16.699	0.242
3490.000	6.000	-16.699	0.242
3500.000	6.000	-16.626	0.241
3510.000	6.000	-16.846	0.239
3520.000	6.000	-16.846	0.239
3530.000	6.000	-16.772	0.241
3540.000	6.000	-17.065	0.242
3550.000	6.000	-17.065	0.242
3560.000	6.000	-17.065	0.242
3570.000	6.000	-16.919	0.241
3580.000	6.000	-16.919	0.241
3590.000	6.000	-17.432	0.244
3600.000	6.000	-16.992	0.241
3610.000	6.000	-16.992	0.241
3620.000	6.000	-17.578	0.244
3630.000	6.000	-17.358	0.244
3640.000	6.000	-17.358	0.244
3650.000	6.000	-17.358	0.244
3660.000	6.000	-17.798	0.241
3670.000	6.000	-17.798	0.241
3680.000	6.000	-17.505	0.244
3690.000	6.000	-17.944	0.241
3700.000	6.000	-17.944	0.241
3710.000	6.000	-17.944	0.241
3720.000	6.000	-17.798	0.239
3730.000	6.000	-17.798	0.239
3740.000	6.000	-18.018	0.240
3750.000	6.000	-18.091	0.239
3760.000	6.000	-18.091	0.239
3770.000	6.000	-17.944	0.240
3780.000	6.000	-18.237	0.238
3790.000	6.000	-18.237	0.238
3800.000	6.000	-18.311	0.240
3810.000	6.000	-18.164	0.239
3820.000	6.000	-18.164	0.239
3830.000	6.000	-18.457	0.241
3840.000	6.000	-18.457	0.239
3850.000	6.000	-18.457	0.239
3860.000	6.000	-18.384	0.239
3870.000	6.000	-18.677	0.242
3880.000	6.000	-18.677	0.242
3890.000	6.000	-18.750	0.239
3900.000	6.000	-18.823	0.245
3910.000	6.000	-18.823	0.245
3920.000	6.000	-18.896	0.245
3930.000	6.000	-18.970	0.241
3940.000	6.000	-18.970	0.241
3950.000	6.000	-19.043	0.242
3960.000	6.000	-19.409	0.242
3970.000	6.000	-19.409	0.242
3980.000	6.000	-19.263	0.242
3990.000	6.000	-19.336	0.242
4000.000	6.000	-19.336	0.242
4010.000	6.000	-19.629	0.239
4020.000	6.000	-19.775	0.239
4030.000	6.000	-19.775	0.239
4040.000	6.000	-19.849	0.239
4050.000	6.000	-19.775	0.239
4060.000	6.000	-19.775	0.239
4070.000	6.000	-19.922	0.236
4080.000	6.000	-20.288	0.238
4090.000	6.000	-20.288	0.238
4100.000	6.000	-20.215	0.238
4110.000	6.000	-19.995	0.236
4120.000	6.000	-19.995	0.236
4130.000	6.000	-20.361	0.236
4140.000	6.000	-20.654	0.239
4150.000	6.000	-20.654	0.239
4160.000	6.000	-20.654	0.240
4170.000	6.000	-20.874	0.242
4180.000	6.000	-20.874	0.242
4190.000	6.000	-20.728	0.240
4200.000	6.000	-20.728	0.240
4210.000	6.000	-20.728	0.240
4220.000	6.000	-21.240	0.240
4230.000	6.000	-21.240	0.242
4240.000	6.000	-21.240	0.242
4250.000	6.000	-21.240	0.242
4260.000	6.000	-21.387	0.242
4270.000	6.000	-21.387	0.242
4280.000	6.000	-21.240	0.239
4290.000	6.000	-21.533	0.236
4300.000	6.000	-21.533	0.236
4310.000	6.000	-21.973	0.239
4320.000	6.000	-22.119	0.238
4330.000	6.000	-22.119	0.238
4340.000	6.000	-21.826	0.238
4350.000	6.000	-22.046	0.239
4360.000	6.000	-21.826	0.236
4370.000	6.000	-21.973	0.240
4380.000	6.000	-21.973	0.240
4390.000	6.000	-21.899	0.240
4400.000	6.000	-22.062	0.238
4410.000	6.000	-22.062	0.238
4420.000	6.000	-22.142	0.236
4430.000	6.000	-22.402	0.239
4440.000	6.000	-22.695	0.238
4450.000	6.000	-22.482	0.239
4460.000	6.000	-22.946	0.239
4470.000	6.000	-22.946	0.245
4480.000	6.000	-22.953	0.240
4490.000	6.000	-23.278	0.241
4500.000	6.000	-23.262	0.239
4510.000	6.000	-23.182	0.242
4520.000	6.000	-23.574	0.242
4530.000	6.000	-23.387	0.241
4540.000	6.000	-23.314	0.241
4550.000	6.000	-23.869	0.242
4560.000	6.000	-23.771	0.241
4570.000	6.000	-23.758	0.239
4580.000	6.000	-24.150	0.239
4590.000	6.000	-24.191	0.236
4600.000	6.000	-24.117	0.238
4610.000	6.000	-24.417	0.240
4620.000	6.000	-24.384	0.241
4630.000	6.000	-24.631	0.239
4640.000	6.000	-25.038	0.239
4650.000	6.000	-24.989	0.238
4660.000	6.000	-25.135	0.236
4670.000	6.000	-25.295	0.238
4680.000	6.000	-25.263	0.239
4690.000	6.000	-25.096	0.238
4700.000	6.000	-25.674	0.242
4710.000	6.000	-25.601	0.239
4720.000	6.000	-25.967	0.242
4730.000	6.000	-25.794	0.244
4740.000	6.000	-26.046	0.241
4750.000	6.000	-25.806	0.244
4760.000	6.000	-26.246	0.242
4770.000	6.000	-26.466	0.245
4780.000	6.000	-26.685	0.241
4790.000	6.000	-27.218	0.241
4800.000	6.000	-27.080	0.242
4810.000	6.000	-27.186	0.242
4820.000	6.000	-27.178	0.241
4830.000	6.000	-27.325	0.239
4840.000	6.000	-27.398	0.235
4850.000	6.000	-27.930	0.238
4860.000	6.000	-27.857	0.238
4870.000	6.000	-27.744	0.236
4880.000	6.000	-27.964	0.238
4890.000	6.000	-28.110	0.236
4900.000	6.000	-27.997	0.238
4910.000	6.000	-28.574	0.239
4920.000	6.000	-28.509	0.239
4930.000	6.000	-28.536	0.236
4940.000	6.000	-29.105	0.239
4950.000	6.000	-28.886	0.238
4960.000	6.000	-28.886	0.236
4970.000	6.000	-29.585	0.240
4980.000	6.000	-29.511	0.240
4990.000	6.000	-29.165	0.241
5000.000	6.000	-29.905	0.244
5010.000	6.000	-29.734	0.242
5020.000	6.000	-30.027	0.244
5030.000	6.000	-30.367	0.244
5040.000	6.000	-29.943	0.240
5050.000	6.000	-30.456	0.242
5060.000	6.000	-30.529	0.241
5070.000	6.000	-30.676	0.239
5080.000	6.000	-30.676	0.239
5090.000	6.000	-30.949	0.239
5100.000	6.000	-30.981	0.238
5110.000	6.000	-30.981	0.238
5120.000	6.000	-30.908	0.236
5130.000	6.000	-31.201	0.238
5140.000	6.000	-31.201	0.238
5150.000	6.000	-30.981	0.238
5160.000	6.000	-31.494	0.240
5170.000	6.000	-31.494	0.240
5180.000	6.000	-31.274	0.238
5190.000	6.000	-31.641	0.240
5200.000	6.000	-31.641	0.240
5210.000	6.000	-31.567	0.240
5220.000	6.000	-31.860	0.240
5230.000	6.000	-31.860	0.240
5240.000	6.000	-32.007	0.239
5250.000	6.000	-32.080	0.241
5260.000	6.000	-32.080	0.241
5270.000	6.000	-32.373	0.246
5280.000	6.000	-32.227	0.245
5290.000	6.000	-32.227	0.245
5300.000	6.000	-32.593	0.245
5310.000	6.000	-32.520	0.240
5320.000	6.000	-32.520	0.240
5330.000	6.000	-32.739	0.238
5340.000	6.000	-32.739	0.239
5350.000	6.000	-32.739	0.239
5360.000	6.000	-32.886	0.240
5370.000	6.000	-32.812	0.235
5380.000	6.000	-32.812	0.235
5390.000	6.000	-32.959	0.239
5400.000	6.000	-33.105	0.236
5410.000	6.000	-33.105	0.236
5420.000	6.000	-33.179	0.238
5430.000	6.000	-33.398	0.242
5440.000	6.000	-33.398	0.242
5450.000	6.000	-33.179	0.242
5460.000	6.000	-33.252	0.247
5470.000	6.000	-33.252	0.247
5480.000	6.000	-33.472	0.244
5490.000	6.000	-33.398	0.244
5500.000	6.000	-33.398	0.244
5510.000	6.000	-33.765	0.242
5520.000	6.000	-33.545	0.242
5530.000	6.000	-33.545	0.242
5540.000	6.000	-33.398	0.238
5550.000	6.000	-33.911	0.238
5560.000	6.000	-33.911	0.238
5570.000	6.000	-33.618	0.238
5580.000	6.000	-33.765	0.236
5590.000	6.000	-33.765	0.236
5600.000	6.000	-33.911	0.239
5610.000	6.000	-34.058	0.236
5620.000	6.000	-34.058	0.236
5630.000	6.000	-33.984	0.236
5640.000	6.000	-34.277	0.235
5650.000	6.000	-34.277	0.235
5660.000	6.000	-34.204	0.239
5670.000	6.000	-33.765	0.242
5680.000	6.000	-33.765	0.242
5690.000	6.000	-34.351	0.242
5700.000	6.000	-34.204	0.244
5710.000	6.000	-34.204	0.244
5720.000	6.000	-34.131	0.244
5730.000	6.000	-34.277	0.242
5740.000	6.000	-34.277	0.242
5750.000	6.000	-34.277	0.240
5760.000	6.000	-34.497	0.238
5770.000	6.000	-34.497	0.238
5780.000	6.000	-34.644	0.239
5790.000	6.000	-34.790	0.240
5800.000	6.000	-34.790	0.240
5810.000	6.000	-35.010	0.236
5820.000	6.000	-34.863	0.240
5830.000	6.000	-34.644	0.236
5840.000	6.000	-35.010	0.238
5850.000	6.000	-35.010	0.240
5860.000	6.000	-35.010	0.240
5870.000	6.000	-34.863	0.239
5880.000	6.000	-35.229	0.240
5890.000	6.000	-35.229	0.240
5900.000	6.000	-35.083	0.241
5910.000	6.000	-35.083	0.244
5920.000	6.000	-35.050	0.241
5930.000	6.000	-35.758	0.242
5940.000	6.000	-35.465	0.238
5950.000	6.000	-35.392	0.241
5960.000	6.000	-35.465	0.241
5970.000	6.000	-35.831	0.240
5980.000	6.000	-35.298	0.239
5990.000	6.000	-35.778	0.236
6000.000	6.000	-35.998	0.238
6010.000	6.000	-35.998	0.238
6020.000	6.000	-36.178	0.239
6030.000	6.000	-35.909	0.238
6040.000	6.000	-35.909	0.238
6050.000	6.000	-36.056	0.200
6060.000	6.000	-36.056	0.108
6070.000	6.000	-36.056	0.108
6080.000	6.000	-36.515	0.081
6090.000	6.000	-36.548	0.045
6100.000	6.000	-36.548	0.045
6110.000	6.000	-36.035	0.035
6120.000	6.000	-36.035	0.023
6130.000	6.000	-36.035	0.023
6140.000	6.000	-36.401	0.019
6150.000	6.000	-35.889	0.014
6160.000	6.000	-35.889	0.014
6170.000	6.000	-35.962	0.013
6180.000	6.000	-36.182	0.008
6190.000	6.000	-36.182	0.008
6200.000	6.000	-35.669	0.006
6210.000	6.000	-35.742	0.004
6220.000	6.000	-35.742	0.004
6230.000	6.000	-36.035	0.001
6240.000	6.000	-35.742	-0.000
6250.000	6.000	-35.742	-0.000
6260.000	6.000	-35.522	0.003
6270.000	6.000	-35.376	0.002
6280.000	6.000	-35.376	0.002
6290.000	6.000	-35.156	0.004
6300.000	6.000	-35.522	0.004
6310.000	6.000	-35.522	0.004
6320.000	6.000	-35.303	0.004
6330.000	6.000	-35.156	0.004
6340.000	6.000	-35.156	0.004
6350.000	6.000	-35.229	0.007
6360.000	6.000	-34.644	0.007
6370.000	6.000	-34.644	0.007
6380.000	6.000	-35.083	0.004
6390.000	6.000	-35.010	0.004
6400.000	6.000	-35.010	0.004
6410.000	6.000	-34.717	0.001
6420.000	6.000	-34.863	0.001
6430.000	6.000	-34.863	0.001
6440.000	6.000	-34.790	0.003
6450.000	6.000	-34.937	0.003
6460.000	6.000	-34.937	0.003
6470.000	6.000	-34.937	0.003
6480.000	6.000	-34.644	0.004
6490.000	6.000	-34.644	0.004
6500.000	6.000	-34.937	0.007
6510.000	6.000	-34.790	0.004
6520.000	6.000	-34.790	0.004
6530.000	6.000	-34.570	0.006
6540.000	6.000	-35.010	0.010
6550.000	6.000	-35.010	0.010
6560.000	6.000	-34.937	0.006
6570.000	6.000	-35.083	0.004
6580.000	6.000	-35.083	0.004
6590.000	6.000	-35.229	0.007
6600.000	6.000	-35.010	0.004
6610.000	6.000	-35.010	0.004
6620.000	6.000	-35.303	0.002
6630.000	6.000	-35.156	-0.002
6640.000	6.000	-35.156	-0.002
6650.000	6.000	-35.156	0.003
6660.000	6.000	-35.229	0.003
6670.000	6.000	-35.229	0.003
6680.000	6.000	-35.083	0.006
6690.000	6.000	-35.303	0.004
6700.000	6.000	-35.303	0.004
6710.000	6.000	-35.303	0.008
6720.000	6.000	-35.083	0.006
6730.000	6.000	-35.083	0.006
6740.000	6.000	-35.303	0.003
6750.000	6.000	-35.376	0.007
6760.000	6.000	-34.970	0.003
6770.000	6.000	-35.263	0.003
6780.000	6.000	-35.556	0.007
6790.000	6.000	-35.556	0.007
6800.000	6.000	-35.263	0.003
6810.000	6.000	-35.483	0.007
6820.000	6.000	-35.775	0.002
6830.000	6.000	-35.336	0.003
6840.000	6.000	-35.336	0.003
6850.000	6.000	-35.336	0.003
6860.000	6.000	-35.596	0.004
6870.000	6.000	-35.083	0.006
6880.000	6.000	-35.083	0.006
6890.000	6.000	-35.083	0.006
6900.000	6.000	-35.303	0.004
6910.000	6.000	-35.303	0.004
6920.000	6.000	-35.083	0.007
6930.000	6.000	-35.083	0.007
6940.000	6.000	-35.083	0.007
6950.000	6.000	-35.083	0.004
6960.000	6.000	-34.790	0.003
6970.000	6.000	-34.790	0.003
6980.000	6.000	-35.083	0.007
6990.000	6.000	-34.863	0.003
7000.000	6.000	-34.863	0.003
7010.000	6.000	-34.570	0.006
7020.000	6.000	-34.790	0.003
