%Time [ms]	Commanded Torque [mNm]	Angular Velocity [RPM]	Actual Current [Amp]	%2/22/201910:50 AM
0.000	0.000	0.000	0.000
20.000	9.000	0.000	0.006
30.000	9.000	0.000	0.006
40.000	9.000	0.000	0.003
50.000	9.000	0.000	0.004
60.000	9.000	0.000	0.004
70.000	9.000	0.000	0.004
80.000	9.000	0.000	0.003
90.000	9.000	0.000	0.004
100.000	9.000	0.000	0.002
110.000	9.000	0.000	0.004
120.000	9.000	0.000	0.004
130.000	9.000	0.000	0.003
140.000	9.000	0.000	0.007
150.000	9.000	0.000	0.007
160.000	9.000	0.000	0.007
170.000	9.000	0.000	0.007
180.000	9.000	0.000	0.006
190.000	9.000	0.000	0.002
200.000	9.000	0.000	0.003
210.000	9.000	0.000	0.001
220.000	9.000	0.000	0.003
230.000	9.000	0.000	0.003
240.000	9.000	0.000	0.004
250.000	9.000	0.000	0.006
260.000	9.000	0.000	0.004
270.000	9.000	0.000	0.004
280.000	9.000	0.000	0.006
290.000	9.000	0.000	0.007
300.000	9.000	0.000	0.004
310.000	9.000	0.000	-0.002
320.000	9.000	0.000	0.001
330.000	9.000	0.000	0.002
340.000	9.000	0.000	0.006
350.000	9.000	0.000	0.007
360.000	9.000	0.000	0.004
370.000	9.000	0.000	0.003
380.000	9.000	0.000	0.006
390.000	9.000	0.000	0.004
400.000	9.000	0.000	0.006
410.000	9.000	0.000	0.003
420.000	9.000	0.000	0.004
430.000	9.000	0.000	0.004
440.000	9.000	0.000	0.004
450.000	9.000	0.000	0.007
460.000	9.000	0.000	0.004
470.000	9.000	0.000	0.006
480.000	9.000	0.000	0.004
490.000	9.000	0.000	0.008
500.000	9.000	0.000	0.008
510.000	9.000	0.000	0.004
520.000	9.000	0.000	0.003
530.000	9.000	0.000	0.001
540.000	9.000	0.000	0.002
550.000	9.000	0.000	0.001
560.000	9.000	0.000	0.007
570.000	9.000	0.000	0.004
580.000	9.000	0.000	0.007
590.000	9.000	0.000	0.003
600.000	9.000	0.000	0.003
610.000	9.000	0.000	0.006
620.000	9.000	0.000	0.006
630.000	9.000	0.000	0.006
640.000	9.000	0.000	0.006
650.000	9.000	0.000	0.002
660.000	9.000	0.000	0.001
670.000	9.000	0.000	0.004
680.000	9.000	0.000	0.006
690.000	9.000	0.000	0.004
700.000	9.000	0.000	0.003
710.000	9.000	0.000	0.007
720.000	9.000	0.000	0.004
730.000	9.000	0.000	0.004
740.000	9.000	0.000	0.004
750.000	9.000	0.000	0.003
760.000	9.000	0.000	0.003
770.000	9.000	0.000	0.001
780.000	9.000	0.000	0.008
790.000	9.000	0.000	0.007
800.000	9.000	0.000	0.008
810.000	9.000	0.000	0.004
820.000	9.000	0.000	0.006
830.000	9.000	0.000	0.007
840.000	9.000	0.000	0.003
850.000	9.000	0.000	0.007
860.000	9.000	0.000	0.003
870.000	9.000	0.000	0.004
880.000	9.000	0.000	0.007
890.000	9.000	0.000	0.007
900.000	9.000	0.000	0.004
910.000	9.000	0.000	0.010
920.000	9.000	0.000	0.008
930.000	9.000	0.000	0.004
940.000	9.000	0.000	0.006
950.000	9.000	0.000	0.006
960.000	9.000	0.000	0.003
970.000	9.000	0.000	0.001
980.000	9.000	0.000	0.003
990.000	9.000	0.000	0.006
1000.000	9.000	0.000	0.003
1010.000	9.000	0.000	0.004
1020.000	9.000	0.000	0.004
1030.000	9.000	0.000	0.004
1040.000	9.000	-0.067	0.045
1050.000	9.000	-0.067	0.128
1060.000	9.000	-0.067	0.190
1070.000	9.000	-0.067	0.234
1080.000	9.000	-0.148	0.264
1090.000	9.000	-0.221	0.291
1100.000	9.000	-0.288	0.312
1110.000	9.000	-0.369	0.323
1120.000	9.000	-0.516	0.333
1130.000	9.000	-0.649	0.340
1140.000	9.000	-0.826	0.344
1150.000	9.000	-1.046	0.343
1160.000	9.000	-1.246	0.349
1170.000	9.000	-1.490	0.352
1180.000	9.000	-1.555	0.351
1190.000	9.000	-1.682	0.354
1200.000	9.000	-1.941	0.356
1210.000	9.000	-2.079	0.356
1220.000	9.000	-2.199	0.356
1230.000	9.000	-2.472	0.358
1240.000	9.000	-2.595	0.357
1250.000	9.000	-2.708	0.356
1260.000	9.000	-2.834	0.357
1270.000	9.000	-2.809	0.357
1280.000	9.000	-2.929	0.358
1290.000	9.000	-3.055	0.358
1300.000	9.000	-3.169	0.355
1310.000	9.000	-3.482	0.360
1320.000	9.000	-3.622	0.355
1330.000	9.000	-3.655	0.357
1340.000	9.000	-3.688	0.357
1350.000	9.000	-3.925	0.356
1360.000	9.000	-4.258	0.356
1370.000	9.000	-4.438	0.358
1380.000	9.000	-4.660	0.356
1390.000	9.000	-4.774	0.356
1400.000	9.000	-5.000	0.355
1410.000	9.000	-5.119	0.355
1420.000	9.000	-5.298	0.355
1430.000	9.000	-5.391	0.358
1440.000	9.000	-5.887	0.357
1450.000	9.000	-5.903	0.357
1460.000	9.000	-5.757	0.357
1470.000	9.000	-6.016	0.355
1480.000	9.000	-6.334	0.357
1490.000	9.000	-6.493	0.357
1500.000	9.000	-6.560	0.355
1510.000	9.000	-6.861	0.354
1520.000	9.000	-6.874	0.356
1530.000	9.000	-6.993	0.358
1540.000	9.000	-7.050	0.354
1550.000	9.000	-7.196	0.356
1560.000	9.000	-7.489	0.357
1570.000	9.000	-7.929	0.357
1580.000	9.000	-7.782	0.355
1590.000	9.000	-7.915	0.356
1600.000	9.000	-8.208	0.355
1610.000	9.000	-7.989	0.356
1620.000	9.000	-8.610	0.356
1630.000	9.000	-8.765	0.360
1640.000	9.000	-8.618	0.355
1650.000	9.000	-8.984	0.355
1660.000	9.000	-9.058	0.358
1670.000	9.000	-9.091	0.356
1680.000	9.000	-9.327	0.356
1690.000	9.000	-9.547	0.357
1700.000	9.000	-9.620	0.357
1710.000	9.000	-9.840	0.356
1720.000	9.000	-9.864	0.354
1730.000	9.000	-9.864	0.357
1740.000	9.000	-10.303	0.358
1750.000	9.000	-10.230	0.355
1760.000	9.000	-10.550	0.355
1770.000	9.000	-10.394	0.357
1780.000	9.000	-10.744	0.352
1790.000	9.000	-10.818	0.355
1800.000	9.000	-11.111	0.358
1810.000	9.000	-11.111	0.360
1820.000	9.000	-11.064	0.355
1830.000	9.000	-11.479	0.355
1840.000	9.000	-11.626	0.358
1850.000	9.000	-11.626	0.358
1860.000	9.000	-11.745	0.357
1870.000	9.000	-11.867	0.357
1880.000	9.000	-12.021	0.355
1890.000	9.000	-12.053	0.356
1900.000	9.000	-12.126	0.356
1910.000	9.000	-12.493	0.356
1920.000	9.000	-12.612	0.356
1930.000	9.000	-12.564	0.355
1940.000	9.000	-12.504	0.357
1950.000	9.000	-13.106	0.357
1960.000	9.000	-12.886	0.354
1970.000	9.000	-13.326	0.357
1980.000	9.000	-13.319	0.355
1990.000	9.000	-13.653	0.355
2000.000	9.000	-13.519	0.357
2010.000	9.000	-13.585	0.356
2020.000	9.000	-13.878	0.358
2030.000	9.000	-13.951	0.355
2040.000	9.000	-14.157	0.356
2050.000	9.000	-14.214	0.356
2060.000	9.000	-14.247	0.355
2070.000	9.000	-14.418	0.356
2080.000	9.000	-14.711	0.357
2090.000	9.000	-14.565	0.355
2100.000	9.000	-14.918	0.358
2110.000	9.000	-15.219	0.358
2120.000	9.000	-14.926	0.358
2130.000	9.000	-15.292	0.354
2140.000	9.000	-15.072	0.358
2150.000	9.000	-15.072	0.358
2160.000	9.000	-15.698	0.357
2170.000	9.000	-15.820	0.356
2180.000	9.000	-15.454	0.356
2190.000	9.000	-15.894	0.357
2200.000	9.000	-16.040	0.356
2210.000	9.000	-15.621	0.358
2220.000	9.000	-16.174	0.358
2230.000	9.000	-16.467	0.358
2240.000	9.000	-16.320	0.358
2250.000	9.000	-16.687	0.355
2260.000	9.000	-16.687	0.355
2270.000	9.000	-16.454	0.358
2280.000	9.000	-17.170	0.358
2290.000	9.000	-16.950	0.357
2300.000	9.000	-16.950	0.355
2310.000	9.000	-17.589	0.356
2320.000	9.000	-17.256	0.356
2330.000	9.000	-17.109	0.355
2340.000	9.000	-17.402	0.358
2350.000	9.000	-17.622	0.356
2360.000	9.000	-17.728	0.356
2370.000	9.000	-17.758	0.357
2380.000	9.000	-17.628	0.355
2390.000	9.000	-18.140	0.360
2400.000	9.000	-18.140	0.356
2410.000	9.000	-18.140	0.356
2420.000	9.000	-18.134	0.355
2430.000	9.000	-18.492	0.357
2440.000	9.000	-18.565	0.360
2450.000	9.000	-18.565	0.361
2460.000	9.000	-18.678	0.358
2470.000	9.000	-18.662	0.355
2480.000	9.000	-18.689	0.357
2490.000	9.000	-18.990	0.360
2500.000	9.000	-19.136	0.358
2510.000	9.000	-19.283	0.355
2520.000	9.000	-19.436	0.357
2530.000	9.000	-19.371	0.356
2540.000	9.000	-19.258	0.360
2550.000	9.000	-19.624	0.357
2560.000	9.000	-20.063	0.356
2570.000	9.000	-20.063	0.356
2580.000	9.000	-20.256	0.356
2590.000	9.000	-19.809	0.355
2600.000	9.000	-19.809	0.357
2610.000	9.000	-19.809	0.357
2620.000	9.000	-20.395	0.357
2630.000	9.000	-20.395	0.357
2640.000	9.000	-20.654	0.355
2650.000	9.000	-20.654	0.355
2660.000	9.000	-20.528	0.355
2670.000	9.000	-20.984	0.356
2680.000	9.000	-20.691	0.357
2690.000	9.000	-21.063	0.360
2700.000	9.000	-21.129	0.356
2710.000	9.000	-21.275	0.357
2720.000	9.000	-21.148	0.358
2730.000	9.000	-21.311	0.358
2740.000	9.000	-21.384	0.357
2750.000	9.000	-21.311	0.355
2760.000	9.000	-21.657	0.355
2770.000	9.000	-21.421	0.356
2780.000	9.000	-21.788	0.356
2790.000	9.000	-21.936	0.355
2800.000	9.000	-22.237	0.360
2810.000	9.000	-22.237	0.358
2820.000	9.000	-22.510	0.357
2830.000	9.000	-22.347	0.358
2840.000	9.000	-22.480	0.357
2850.000	9.000	-22.716	0.356
2860.000	9.000	-22.789	0.360
2870.000	9.000	-22.863	0.357
2880.000	9.000	-23.082	0.361
2890.000	9.000	-23.001	0.354
2900.000	9.000	-23.147	0.357
2910.000	9.000	-23.147	0.356
2920.000	9.000	-23.440	0.352
2930.000	9.000	-23.440	0.352
2940.000	9.000	-23.674	0.360
2950.000	9.000	-23.584	0.355
2960.000	9.000	-23.730	0.357
2970.000	9.000	-23.877	0.358
2980.000	9.000	-24.097	0.358
2990.000	9.000	-24.097	0.358
3000.000	9.000	-24.097	0.358
3010.000	9.000	-24.170	0.355
3020.000	9.000	-24.170	0.355
3030.000	9.000	-24.463	0.356
3040.000	9.000	-24.683	0.354
3050.000	9.000	-24.683	0.354
3060.000	9.000	-24.536	0.354
3070.000	9.000	-24.902	0.355
3080.000	9.000	-24.902	0.355
3090.000	9.000	-25.342	0.355
3100.000	9.000	-25.562	0.355
3110.000	9.000	-25.562	0.355
3120.000	9.000	-25.635	0.356
3130.000	9.000	-25.781	0.356
3140.000	9.000	-25.781	0.356
3150.000	9.000	-25.781	0.356
3160.000	9.000	-26.001	0.358
3170.000	9.000	-26.001	0.358
3180.000	9.000	-26.440	0.356
3190.000	9.000	-26.514	0.357
3200.000	9.000	-26.514	0.357
3210.000	9.000	-26.440	0.361
3220.000	9.000	-26.953	0.355
3230.000	9.000	-26.953	0.355
3240.000	9.000	-27.100	0.356
3250.000	9.000	-27.393	0.355
3260.000	9.000	-27.393	0.355
3270.000	9.000	-27.466	0.356
3280.000	9.000	-27.759	0.356
3290.000	9.000	-27.759	0.356
3300.000	9.000	-27.979	0.357
3310.000	9.000	-28.125	0.357
3320.000	9.000	-28.125	0.357
3330.000	9.000	-28.345	0.358
3340.000	9.000	-28.418	0.356
3350.000	9.000	-28.418	0.356
3360.000	9.000	-28.564	0.358
3370.000	9.000	-29.004	0.358
3380.000	9.000	-29.004	0.358
3390.000	9.000	-29.004	0.355
3400.000	9.000	-29.590	0.355
3410.000	9.000	-29.590	0.355
3420.000	9.000	-29.590	0.356
3430.000	9.000	-29.663	0.357
3440.000	9.000	-29.663	0.357
3450.000	9.000	-29.736	0.356
3460.000	9.000	-30.176	0.357
3470.000	9.000	-30.176	0.357
3480.000	9.000	-30.029	0.358
3490.000	9.000	-30.396	0.357
3500.000	9.000	-30.396	0.357
3510.000	9.000	-30.249	0.358
3520.000	9.000	-30.615	0.358
3530.000	9.000	-30.622	0.356
3540.000	9.000	-30.890	0.357
3550.000	9.000	-31.110	0.355
3560.000	9.000	-31.104	0.360
3570.000	9.000	-31.372	0.356
3580.000	9.000	-31.445	0.356
3590.000	9.000	-31.365	0.357
3600.000	9.000	-31.935	0.357
3610.000	9.000	-31.715	0.356
3620.000	9.000	-32.082	0.356
3630.000	9.000	-32.368	0.356
3640.000	9.000	-32.466	0.356
3650.000	9.000	-32.466	0.356
3660.000	9.000	-32.545	0.356
3670.000	9.000	-32.716	0.356
3680.000	9.000	-32.716	0.356
3690.000	9.000	-33.016	0.357
3700.000	9.000	-33.325	0.358
3710.000	9.000	-33.325	0.358
3720.000	9.000	-33.472	0.358
3730.000	9.000	-34.058	0.358
3740.000	9.000	-34.058	0.358
3750.000	9.000	-33.691	0.356
3760.000	9.000	-34.204	0.355
3770.000	9.000	-34.204	0.355
3780.000	9.000	-34.570	0.358
3790.000	9.000	-35.083	0.357
3800.000	9.000	-35.083	0.357
3810.000	9.000	-35.303	0.357
3820.000	9.000	-35.522	0.355
3830.000	9.000	-35.522	0.355
3840.000	9.000	-35.742	0.357
3850.000	9.000	-35.962	0.357
3860.000	9.000	-35.962	0.357
3870.000	9.000	-36.548	0.356
3880.000	9.000	-36.914	0.357
3890.000	9.000	-36.914	0.357
3900.000	9.000	-36.914	0.360
3910.000	9.000	-36.987	0.355
3920.000	9.000	-37.207	0.355
3930.000	9.000	-37.280	0.357
3940.000	9.000	-37.500	0.355
3950.000	9.000	-37.487	0.357
3960.000	9.000	-38.195	0.362
3970.000	9.000	-38.195	0.356
3980.000	9.000	-38.561	0.358
3990.000	9.000	-38.414	0.357
4000.000	9.000	-38.634	0.356
4010.000	9.000	-38.974	0.355
4020.000	9.000	-39.486	0.357
4030.000	9.000	-39.633	0.356
4040.000	9.000	-39.706	0.358
4050.000	9.000	-40.012	0.357
4060.000	9.000	-39.744	0.357
4070.000	9.000	-39.797	0.355
4080.000	9.000	-40.481	0.356
4090.000	9.000	-40.847	0.358
4100.000	9.000	-40.774	0.355
4110.000	9.000	-40.800	0.356
4120.000	9.000	-40.654	0.357
4130.000	9.000	-40.840	0.356
4140.000	9.000	-41.125	0.357
4150.000	9.000	-41.198	0.358
4160.000	9.000	-41.638	0.356
4170.000	9.000	-42.024	0.360
4180.000	9.000	-41.633	0.357
4190.000	9.000	-41.593	0.358
4200.000	9.000	-41.878	0.357
4210.000	9.000	-42.244	0.358
4220.000	9.000	-42.318	0.357
4230.000	9.000	-42.497	0.358
4240.000	9.000	-42.506	0.356
4250.000	9.000	-42.326	0.360
4260.000	9.000	-42.643	0.358
4270.000	9.000	-42.716	0.358
4280.000	9.000	-42.936	0.356
4290.000	9.000	-43.196	0.356
4300.000	9.000	-43.350	0.356
4310.000	9.000	-43.157	0.357
4320.000	9.000	-43.475	0.358
4330.000	9.000	-43.475	0.361
4340.000	9.000	-43.548	0.358
4350.000	9.000	-43.948	0.356
4360.000	9.000	-43.850	0.354
4370.000	9.000	-43.723	0.358
4380.000	9.000	-43.976	0.356
4390.000	9.000	-44.049	0.357
4400.000	9.000	-43.576	0.357
4410.000	9.000	-44.412	0.356
4420.000	9.000	-44.241	0.357
4430.000	9.000	-44.607	0.357
4440.000	9.000	-44.681	0.362
4450.000	9.000	-44.827	0.358
4460.000	9.000	-44.481	0.356
4470.000	9.000	-45.332	0.356
4480.000	9.000	-45.153	0.356
4490.000	9.000	-45.372	0.355
4500.000	9.000	-45.918	0.357
4510.000	9.000	-45.422	0.357
4520.000	9.000	-45.216	0.361
4530.000	9.000	-45.557	0.357
4540.000	9.000	-45.557	0.355
4550.000	9.000	-45.631	0.357
4560.000	9.000	-45.977	0.356
4570.000	9.000	-45.472	0.358
4580.000	9.000	-45.392	0.363
4590.000	9.000	-45.824	0.358
4600.000	9.000	-45.970	0.356
4610.000	9.000	-45.897	0.357
4620.000	9.000	-46.600	0.357
4630.000	9.000	-46.404	0.357
4640.000	9.000	-46.331	0.358
4650.000	9.000	-46.844	0.355
4660.000	9.000	-46.917	0.358
4670.000	9.000	-46.904	0.358
4680.000	9.000	-47.570	0.357
4690.000	9.000	-47.285	0.356
4700.000	9.000	-47.125	0.358
4710.000	9.000	-47.776	0.357
4720.000	9.000	-47.573	0.356
4730.000	9.000	-47.479	0.357
4740.000	9.000	-48.293	0.355
4750.000	9.000	-47.927	0.357
4760.000	9.000	-47.840	0.355
4770.000	9.000	-48.602	0.357
4780.000	9.000	-48.236	0.360
4790.000	9.000	-48.003	0.356
4800.000	9.000	-48.765	0.356
4810.000	9.000	-48.554	0.360
4820.000	9.000	-48.321	0.357
4830.000	9.000	-49.097	0.355
4840.000	9.000	-48.796	0.358
4850.000	9.000	-48.763	0.358
4860.000	9.000	-49.688	0.356
4870.000	9.000	-49.379	0.357
4880.000	9.000	-49.212	0.357
4890.000	9.000	-50.055	0.358
4900.000	9.000	-49.746	0.358
4910.000	9.000	-49.640	0.358
4920.000	9.000	-50.809	0.358
4930.000	9.000	-50.418	0.357
4940.000	9.000	-50.172	0.356
4950.000	9.000	-50.815	0.355
4960.000	9.000	-50.343	0.358
4970.000	9.000	-50.090	0.357
4980.000	9.000	-51.030	0.358
4990.000	9.000	-50.859	0.357
5000.000	9.000	-50.606	0.360
5010.000	9.000	-51.331	0.357
5020.000	9.000	-50.835	0.355
5030.000	9.000	-50.848	0.357
5040.000	9.000	-51.802	0.357
5050.000	9.000	-51.485	0.355
5060.000	9.000	-51.232	0.360
5070.000	9.000	-52.120	0.358
5080.000	9.000	-51.932	0.358
5090.000	9.000	-51.659	0.358
5100.000	9.000	-52.547	0.356
5110.000	9.000	-52.295	0.355
5120.000	9.000	-52.288	0.360
5130.000	9.000	-53.072	0.358
5140.000	9.000	-52.657	0.360
5150.000	9.000	-52.664	0.360
5160.000	9.000	-53.877	0.355
5170.000	9.000	-53.609	0.358
5180.000	9.000	-53.323	0.357
5190.000	9.000	-54.499	0.357
5200.000	9.000	-54.084	0.357
5210.000	9.000	-53.944	0.358
5220.000	9.000	-54.691	0.360
5230.000	9.000	-54.406	0.361
5240.000	9.000	-54.846	0.356
5250.000	9.000	-55.498	0.355
5260.000	9.000	-54.831	0.358
5270.000	9.000	-54.744	0.356
5280.000	9.000	-55.869	0.361
5290.000	9.000	-55.332	0.354
5300.000	9.000	-55.991	0.361
5310.000	9.000	-56.351	0.355
5320.000	9.000	-56.050	0.357
5330.000	9.000	-55.883	0.357
5340.000	9.000	-56.347	0.360
5350.000	9.000	-56.493	0.356
5360.000	9.000	-56.786	0.358
5370.000	9.000	-57.239	0.355
5380.000	9.000	-56.767	0.356
5390.000	9.000	-56.794	0.356
5400.000	9.000	-57.038	0.357
5410.000	9.000	-57.331	0.358
5420.000	9.000	-57.551	0.356
5430.000	9.000	-58.010	0.356
5440.000	9.000	-57.766	0.356
5450.000	9.000	-57.233	0.356
5460.000	9.000	-58.014	0.358
5470.000	9.000	-58.088	0.356
5480.000	9.000	-58.381	0.354
5490.000	9.000	-58.427	0.357
5500.000	9.000	-58.330	0.355
5510.000	9.000	-58.143	0.358
5520.000	9.000	-58.631	0.354
5530.000	9.000	-58.558	0.355
5540.000	9.000	-58.778	0.356
5550.000	9.000	-59.311	0.357
5560.000	9.000	-58.822	0.354
5570.000	9.000	-59.042	0.354
5580.000	9.000	-58.896	0.356
5590.000	9.000	-59.408	0.358
5600.000	9.000	-58.796	0.356
5610.000	9.000	-59.698	0.355
5620.000	9.000	-59.357	0.356
5630.000	9.000	-59.869	0.357
5640.000	9.000	-59.357	0.356
5650.000	9.000	-59.576	0.361
5660.000	9.000	-59.443	0.356
5670.000	9.000	-59.866	0.357
5680.000	9.000	-60.086	0.358
5690.000	9.000	-59.866	0.358
5700.000	9.000	-60.772	0.355
5710.000	9.000	-60.129	0.358
5720.000	9.000	-60.422	0.355
5730.000	9.000	-60.202	0.358
5740.000	9.000	-60.715	0.357
5750.000	9.000	-60.715	0.357
5760.000	9.000	-60.994	0.356
5770.000	9.000	-60.791	0.356
5780.000	9.000	-60.791	0.356
5790.000	9.000	-61.011	0.360
5800.000	9.000	-61.011	0.356
5810.000	9.000	-61.157	0.356
5820.000	9.000	-61.157	0.354
5830.000	9.000	-61.523	0.358
5840.000	9.000	-61.523	0.358
5850.000	9.000	-61.670	0.356
5860.000	9.000	-61.816	0.357
5870.000	9.000	-61.816	0.357
5880.000	9.000	-62.183	0.356
5890.000	9.000	-62.549	0.360
5900.000	9.000	-62.183	0.357
5910.000	9.000	-62.622	0.354
5920.000	9.000	-62.842	0.357
5930.000	9.000	-62.329	0.357
5940.000	9.000	-63.078	0.357
5950.000	9.000	-63.224	0.354
5960.000	9.000	-63.005	0.360
5970.000	9.000	-63.298	0.356
5980.000	9.000	-63.371	0.355
5990.000	9.000	-62.845	0.356
6000.000	9.000	-63.911	0.355
6010.000	9.000	-63.764	0.356
6020.000	9.000	-63.691	0.357
6030.000	9.000	-64.277	0.356
6040.000	9.000	-63.675	0.355
6050.000	9.000	-63.422	0.305
6060.000	9.000	-64.122	0.222
6070.000	9.000	-64.195	0.166
6080.000	9.000	-64.195	0.124
6090.000	9.000	-64.574	0.089
6100.000	9.000	-64.021	0.065
6110.000	9.000	-63.988	0.051
6120.000	9.000	-64.053	0.036
6130.000	9.000	-64.126	0.026
6140.000	9.000	-64.639	0.023
6150.000	9.000	-64.745	0.014
6160.000	9.000	-64.045	0.017
6170.000	9.000	-63.806	0.010
6180.000	9.000	-64.441	0.007
6190.000	9.000	-64.221	0.006
6200.000	9.000	-64.221	0.006
6210.000	9.000	-64.547	0.004
6220.000	9.000	-64.189	0.006
6230.000	9.000	-64.189	0.006
6240.000	9.000	-64.116	0.008
6250.000	9.000	-64.482	0.003
6260.000	9.000	-64.482	0.003
6270.000	9.000	-64.941	0.004
6280.000	9.000	-64.307	0.007
6290.000	9.000	-64.307	0.007
6300.000	9.000	-64.600	0.004
6310.000	9.000	-64.014	0.001
6320.000	9.000	-64.014	0.001
6330.000	9.000	-64.600	0.003
6340.000	9.000	-64.233	0.002
6350.000	9.000	-64.087	0.007
6360.000	9.000	-64.087	0.004
6370.000	9.000	-64.087	0.004
6380.000	9.000	-63.920	0.003
6390.000	9.000	-63.920	0.003
6400.000	9.000	-63.847	0.004
6410.000	9.000	-63.894	0.002
6420.000	9.000	-63.959	0.007
6430.000	9.000	-63.666	0.006
6440.000	9.000	-63.433	0.003
6450.000	9.000	-63.815	0.003
6460.000	9.000	-63.669	0.004
6470.000	9.000	-63.143	0.004
6480.000	9.000	-63.838	0.004
6490.000	9.000	-63.472	0.007
6500.000	9.000	-62.953	0.003
6510.000	9.000	-63.663	0.003
6520.000	9.000	-63.232	0.003
6530.000	9.000	-62.852	0.003
6540.000	9.000	-63.614	0.007
6550.000	9.000	-62.939	0.002
6560.000	9.000	-62.566	0.001
6570.000	9.000	-63.328	0.003
6580.000	9.000	-62.726	0.007
6590.000	9.000	-62.359	0.004
6600.000	9.000	-62.863	0.003
6610.000	9.000	-62.179	0.007
6620.000	9.000	-62.026	0.007
6630.000	9.000	-62.544	0.006
6640.000	9.000	-62.015	0.004
6650.000	9.000	-61.862	0.004
6660.000	9.000	-62.365	0.002
6670.000	9.000	-61.836	0.003
6680.000	9.000	-61.476	0.004
6690.000	9.000	-62.127	0.002
6700.000	9.000	-61.850	0.001
6710.000	9.000	-61.358	0.006
6720.000	9.000	-62.186	0.004
6730.000	9.000	-61.609	0.004
6740.000	9.000	-61.109	0.006
6750.000	9.000	-61.938	0.004
6760.000	9.000	-61.222	0.004
6770.000	9.000	-60.855	0.006
6780.000	9.000	-61.817	0.003
6790.000	9.000	-61.166	0.002
6800.000	9.000	-60.807	0.007
6810.000	9.000	-61.657	0.004
6820.000	9.000	-61.055	0.004
6830.000	9.000	-60.782	0.003
6840.000	9.000	-61.485	0.002
6850.000	9.000	-60.956	0.001
6860.000	9.000	-60.570	0.006
6870.000	9.000	-61.465	0.006
6880.000	9.000	-60.643	0.002
6890.000	9.000	-60.443	0.006
6900.000	9.000	-61.080	0.007
6910.000	9.000	-60.502	0.006
6920.000	9.000	-60.275	0.006
6930.000	9.000	-60.719	0.002
6940.000	9.000	-60.296	0.007
6950.000	9.000	-59.530	0.004
6960.000	9.000	-60.958	0.003
6970.000	9.000	-59.917	0.006
6980.000	9.000	-59.644	0.004
6990.000	9.000	-60.332	0.008
7000.000	9.000	-59.908	0.006
7010.000	9.000	-59.436	0.006
7020.000	9.000	-59.939	0.002
