
	0.000	0.144	-1.958
	0.250	0.119	-1.956
	0.500	0.152	-1.969
	0.750	0.138	-1.993
	1.000	0.162	-1.954
	1.250	0.162	-2.001
	1.500	0.158	-1.963
	1.750	0.128	-1.966
	2.000	0.131	-1.951
	2.250	0.128	-1.970
	2.500	0.116	-1.960
	2.750	0.100	-1.961
	3.000	0.111	-1.980
	3.250	0.115	-2.004
	3.500	0.117	-1.969
	3.750	0.114	-2.000
	4.000	0.121	-1.997
	4.250	0.095	-2.040
	4.500	0.078	-2.005
	4.750	0.101	-2.043
	5.000	0.079	-2.059
	5.250	0.091	-2.056
	5.500	0.099	-2.073
	5.750	0.063	-2.104
	6.000	0.068	-2.095
	6.250	0.066	-2.109
	6.500	0.068	-2.145
	6.750	0.062	-2.175
	7.000	0.060	-2.189
	7.250	0.074	-2.200
	7.500	0.042	-2.227
	7.750	0.065	-2.252
	8.000	0.059	-2.304
	8.250	0.058	-2.294
	8.500	0.031	-2.335
	8.750	0.040	-2.363
	9.000	0.043	-2.404
	9.250	0.043	-2.423
	9.500	0.036	-2.480
	9.750	0.023	-2.526
	10.000	0.015	-2.550
	10.250	0.001	-2.599
	10.500	0.001	-2.663
	10.750	-0.014	-2.703
	11.000	-0.023	-2.764
	11.250	-0.030	-2.840
	11.500	-0.046	-2.913
	11.750	-0.034	-2.984
	12.000	-0.045	-3.048
	12.250	-0.067	-3.143
	12.500	-0.085	-3.194
	12.750	-0.106	-3.281
	13.000	-0.111	-3.359
	13.250	-0.130	-3.456
	13.500	-0.204	-3.560
	13.750	-0.204	-3.634
	14.000	-0.238	-3.772
	14.250	-0.265	-3.887
	14.500	-0.271	-4.011
	14.750	-0.329	-4.137
	15.000	-0.379	-4.261
	15.250	-0.402	-4.409
	15.500	-0.428	-4.570
	15.750	-0.463	-4.677
	16.000	-0.509	-4.843
	16.250	-0.555	-5.024
	16.500	-0.602	-5.172
	16.750	-0.678	-5.348
	17.000	-0.708	-5.514
	17.250	-0.752	-5.660
	17.500	-0.853	-5.845
	17.750	-0.910	-6.052
	18.000	-0.947	-6.242
	18.250	-0.985	-6.426
	18.500	-1.054	-6.617
	18.750	-1.140	-6.814
	19.000	-1.209	-7.051
	19.250	-1.284	-7.221
	19.500	-1.404	-7.416
	19.750	-1.446	-7.641
	20.000	-1.524	-7.846
	20.250	-1.637	-8.037
	20.500	-1.702	-8.254
	20.750	-1.802	-8.457
	21.000	-1.903	-8.683
	21.250	-1.984	-8.865
	21.500	-2.080	-9.068
	21.750	-2.184	-9.288
	22.000	-2.258	-9.474
	22.250	-2.389	-9.730
	22.500	-2.485	-9.897
	22.750	-2.598	-10.105
	23.000	-2.696	-10.293
	23.250	-2.788	-10.531
	23.500	-2.915	-10.720
	23.750	-3.019	-10.896
	24.000	-3.134	-11.115
	24.250	-3.271	-11.328
	24.500	-3.380	-11.516
	24.750	-3.466	-11.722
	25.000	-3.608	-11.911
	25.250	-3.714	-12.089
	25.500	-3.835	-12.324
	25.750	-3.964	-12.478
	26.000	-4.102	-12.675
	26.250	-4.201	-12.866
	26.500	-4.360	-13.086
	26.750	-4.466	-13.248
	27.000	-4.585	-13.436
	27.250	-4.713	-13.603
	27.500	-4.863	-13.822
	27.750	-4.993	-13.993
	28.000	-5.120	-14.185
	28.250	-5.270	-14.386
	28.500	-5.384	-14.560
	28.750	-5.512	-14.793
	29.000	-5.653	-14.947
	29.250	-5.786	-15.142
	29.500	-5.936	-15.333
	29.750	-6.087	-15.563
	30.000	-6.204	-15.719
	30.250	-6.348	-15.928
	30.500	-6.494	-16.127
	30.750	-6.630	-16.327
	31.000	-6.773	-16.528
	31.250	-6.940	-16.732
	31.500	-7.101	-16.965
	31.750	-7.217	-17.146
	32.000	-7.355	-17.379
	32.250	-7.520	-17.558
	32.500	-7.625	-17.797
	32.750	-7.776	-18.007
	33.000	-7.927	-18.254
	33.250	-8.077	-18.478
	33.500	-8.205	-18.696
	33.750	-8.354	-18.909
	34.000	-8.500	-19.179
	34.250	-8.677	-19.403
	34.500	-8.830	-19.637
	34.750	-8.936	-19.888
	35.000	-9.097	-20.136
	35.250	-9.270	-20.363
	35.500	-9.392	-20.579
	35.750	-9.537	-20.834
	36.000	-9.719	-21.089
	36.250	-9.840	-21.327
	36.500	-9.990	-21.600
	36.750	-10.151	-21.846
	37.000	-10.297	-22.102
	37.250	-10.447	-22.340
	37.500	-10.581	-22.616
	37.750	-10.762	-22.882
	38.000	-10.895	-23.097
	38.250	-11.069	-23.371
	38.500	-11.205	-23.594
	38.750	-11.367	-23.840
	39.000	-11.501	-24.117
	39.250	-11.661	-24.364
	39.500	-11.811	-24.634
	39.750	-11.972	-24.853
	40.000	-12.135	-25.147
	40.250	-12.289	-25.385
	40.500	-12.447	-25.611
	40.750	-12.598	-25.895
	41.000	-12.764	-26.117
	41.250	-12.894	-26.389
	41.500	-13.050	-26.609
	41.750	-13.234	-26.885
	42.000	-13.397	-27.099
	42.250	-13.535	-27.321
	42.500	-13.707	-27.577
	42.750	-13.874	-27.803
	43.000	-14.041	-28.058
	43.250	-14.156	-28.314
	43.500	-14.337	-28.513
	43.750	-14.501	-28.741
	44.000	-14.661	-28.973
	44.250	-14.795	-29.210
	44.500	-14.972	-29.450
	44.750	-15.153	-29.672
	45.000	-15.288	-29.918
	45.250	-15.436	-30.114
	45.500	-15.589	-30.351
	45.750	-15.775	-30.597
	46.000	-15.924	-30.802
	46.250	-16.075	-31.009
	46.500	-16.246	-31.239
	46.750	-16.399	-31.472
	47.000	-16.533	-31.710
	47.250	-16.711	-31.935
	47.500	-16.888	-32.184
	47.750	-17.049	-32.458
	48.000	-17.207	-32.729
	48.250	-17.360	-33.014
	48.500	-17.526	-33.362
	48.750	-17.677	-33.723
	49.000	-17.837	-34.071
	49.250	-18.002	-34.473
	49.500	-18.174	-34.858
	49.750	-18.348	-35.329
	50.000	-18.472	-35.716
	50.250	-18.632	-36.140
	50.500	-18.820	-36.562
	50.750	-18.961	-37.026
	51.000	-19.131	-37.468
	51.250	-19.293	-37.918
	51.500	-19.445	-38.352
	51.750	-19.613	-38.792
	52.000	-19.776	-39.211
	52.250	-19.937	-39.624
	52.500	-20.097	-40.050
	52.750	-20.250	-40.441
	53.000	-20.417	-40.851
	53.250	-20.566	-41.264
	53.500	-20.746	-41.675
	53.750	-20.891	-42.059
	54.000	-21.040	-42.385
	54.250	-21.235	-42.746
	54.500	-21.369	-43.161
	54.750	-21.528	-43.500
	55.000	-21.688	-43.845
	55.250	-21.886	-44.182
	55.500	-22.030	-44.507
	55.750	-22.186	-44.860
	56.000	-22.379	-45.141
	56.250	-22.502	-45.470
	56.500	-22.687	-45.763
	56.750	-22.836	-46.121
	57.000	-22.991	-46.353
	57.250	-23.162	-46.673
	57.500	-23.301	-46.946
	57.750	-23.469	-47.211
	58.000	-23.623	-47.482
	58.250	-23.797	-47.745
	58.500	-23.965	-48.027
	58.750	-24.112	-48.303
	59.000	-24.292	-48.523
	59.250	-24.457	-48.791
	59.500	-24.611	-49.057
	59.750	-24.776	-49.330
	60.000	-24.936	-49.553
	60.250	-25.107	-49.777
	60.500	-25.273	-50.034
	60.750	-25.460	-50.327
	61.000	-25.587	-50.521
	61.250	-25.752	-50.735
	61.500	-25.912	-50.977
	61.750	-26.086	-51.188
	62.000	-26.236	-51.413
	62.250	-26.412	-51.669
	62.500	-26.579	-51.900
	62.750	-26.718	-52.122
	63.000	-26.908	-52.315
	63.250	-27.054	-52.564
	63.500	-27.224	-52.773
	63.750	-27.384	-53.015
	64.000	-27.541	-53.211
	64.250	-27.719	-53.415
	64.500	-27.878	-53.643
	64.750	-28.032	-53.813
	65.000	-28.205	-54.032
	65.250	-28.339	-54.257
	65.500	-28.542	-54.442
	65.750	-28.694	-54.681
	66.000	-28.841	-54.849
	66.250	-29.019	-55.051
	66.500	-29.158	-55.250
	66.750	-29.365	-55.446
	67.000	-29.480	-55.668
	67.250	-29.676	-55.873
	67.500	-29.811	-56.041
	67.750	-29.977	-56.238
	68.000	-30.137	-56.448
	68.250	-30.290	-56.638
	68.500	-30.446	-56.796
	68.750	-30.635	-56.978
	69.000	-30.791	-57.181
	69.250	-30.935	-57.400
	69.500	-31.084	-57.567
	69.750	-31.238	-57.741
	70.000	-31.418	-57.957
	70.250	-31.581	-58.124
	70.500	-31.725	-58.317
	70.750	-31.889	-58.471
	71.000	-32.034	-58.684
	71.250	-32.234	-58.859
	71.500	-32.376	-59.049
	71.750	-32.543	-59.209
	72.000	-32.677	-59.402
	72.250	-32.880	-59.577
	72.500	-33.024	-59.761
	72.750	-33.172	-59.949
	73.000	-33.313	-60.089
	73.250	-33.479	-60.285
	73.500	-33.625	-60.470
	73.750	-33.800	-60.652
	74.000	-33.972	-60.850
	74.250	-34.134	-61.016
	74.500	-34.280	-61.199
	74.750	-34.421	-61.333
	75.000	-34.582	-61.537
	75.250	-34.762	-61.703
	75.500	-34.886	-61.882
	75.750	-35.082	-62.022
	76.000	-35.229	-62.197
	76.250	-35.367	-62.401
	76.500	-35.543	-62.511
	76.750	-35.695	-62.688
	77.000	-35.820	-62.844
	77.250	-36.009	-62.996
	77.500	-36.153	-63.150
	77.750	-36.325	-63.321
	78.000	-36.488	-63.483
	78.250	-36.623	-63.626
	78.500	-36.777	-63.824
	78.750	-36.932	-63.956
	79.000	-37.077	-64.107
	79.250	-37.267	-64.258
	79.500	-37.410	-64.421
	79.750	-37.538	-64.600
	80.000	-37.740	-64.747
	80.250	-37.863	-64.912
	80.500	-38.039	-65.056
	80.750	-38.182	-65.219
	81.000	-38.328	-65.383
	81.250	-38.476	-65.535
	81.500	-38.629	-65.683
	81.750	-38.767	-65.891
	82.000	-38.940	-66.027
	82.250	-39.081	-66.166
	82.500	-39.219	-66.337
	82.750	-39.418	-66.478
	83.000	-39.538	-66.671
	83.250	-39.722	-66.798
	83.500	-39.848	-66.975
	83.750	-39.999	-67.138
	84.000	-40.169	-67.306
	84.250	-40.309	-67.460
	84.500	-40.499	-67.602
	84.750	-40.618	-67.778
	85.000	-40.779	-67.954
	85.250	-40.921	-68.110
	85.500	-41.088	-68.257
	85.750	-41.219	-68.412
	86.000	-41.397	-68.587
	86.250	-41.528	-68.748
	86.500	-41.680	-68.901
	86.750	-41.818	-69.041
	87.000	-41.967	-69.271
	87.250	-42.104	-69.395
	87.500	-42.270	-69.573
	87.750	-42.444	-69.707
	88.000	-42.553	-69.870
	88.250	-42.714	-70.040
	88.500	-42.879	-70.174
	88.750	-43.024	-70.348
	89.000	-43.171	-70.467
	89.250	-43.338	-70.650
	89.500	-43.446	-70.798
	89.750	-43.644	-70.978
	90.000	-43.774	-71.139
	90.250	-43.915	-71.297
	90.500	-44.053	-71.432
	90.750	-44.189	-71.580
	91.000	-44.367	-71.785
	91.250	-44.521	-71.942
	91.500	-44.650	-72.066
	91.750	-44.810	-72.263
	92.000	-44.969	-72.356
	92.250	-45.114	-72.535
	92.500	-45.250	-72.673
	92.750	-45.390	-72.851
	93.000	-45.556	-72.976
	93.250	-45.707	-73.147
	93.500	-45.857	-73.297
	93.750	-45.964	-73.464
	94.000	-46.129	-73.590
	94.250	-46.252	-73.768
	94.500	-46.410	-73.938
	94.750	-46.615	-74.096
	95.000	-46.724	-74.221
	95.250	-46.874	-74.382
	95.500	-47.026	-74.511
	95.750	-47.170	-74.676
	96.000	-47.318	-74.813
	96.250	-47.475	-74.957
	96.500	-47.596	-75.123
	96.750	-47.744	-75.263
	97.000	-47.896	-75.427
	97.250	-48.042	-75.548
	97.500	-48.191	-75.714
	97.750	-48.329	-75.851
	98.000	-48.468	-75.980
	98.250	-48.614	-76.156
	98.500	-48.765	-76.293
	98.750	-48.909	-76.434
	99.000	-49.085	-76.582
	99.250	-49.219	-76.745
	99.500	-49.359	-76.903
	99.750	-49.516	-77.024
	100.000	-49.630	-77.181
	100.250	-49.785	-77.336
	100.500	-49.930	-77.417
	100.750	-50.085	-77.613
	101.000	-50.213	-77.792
	101.250	-50.373	-77.910
	101.500	-50.537	-78.045
	101.750	-50.676	-78.186
	102.000	-50.801	-78.328
	102.250	-50.948	-78.478
	102.500	-51.091	-78.572
	102.750	-51.206	-78.740
	103.000	-51.352	-78.894
	103.250	-51.477	-79.057
	103.500	-51.642	-79.193
	103.750	-51.799	-79.283
	104.000	-51.929	-79.446
	104.250	-52.079	-79.589
	104.500	-52.222	-79.690
	104.750	-52.390	-79.846
	105.000	-52.524	-79.951
	105.250	-52.645	-80.054
	105.500	-52.794	-80.191
	105.750	-52.943	-80.303
	106.000	-53.097	-80.448
	106.250	-53.240	-80.536
	106.500	-53.376	-80.681
	106.750	-53.523	-80.775
	107.000	-53.654	-80.903
	107.250	-53.795	-80.992
	107.500	-53.919	-81.094
	107.750	-54.075	-81.184
	108.000	-54.231	-81.271
	108.250	-54.365	-81.334
	108.500	-54.487	-81.445
	108.750	-54.635	-81.515
	109.000	-54.789	-81.662
	109.250	-54.929	-81.773
	109.500	-55.064	-81.857
	109.750	-55.180	-81.991
	110.000	-55.315	-82.119
	110.250	-55.468	-82.275
	110.500	-55.621	-82.385
	110.750	-55.763	-82.534
	111.000	-55.891	-82.674
	111.250	-56.036	-82.823
	111.500	-56.191	-82.944
	111.750	-56.329	-83.113
	112.000	-56.426	-83.247
	112.250	-56.585	-83.404
	112.500	-56.732	-83.582
	112.750	-56.844	-83.717
	113.000	-57.001	-83.863
	113.250	-57.139	-84.014
	113.500	-57.252	-84.228
	113.750	-57.410	-84.308
	114.000	-57.556	-84.531
	114.250	-57.704	-84.635
	114.500	-57.811	-84.806
	114.750	-57.969	-84.953
	115.000	-58.093	-85.109
	115.250	-58.232	-85.244
	115.500	-58.348	-85.430
	115.750	-58.477	-85.539
	116.000	-58.638	-85.712
	116.250	-58.776	-85.855
	116.500	-58.892	-86.018
	116.750	-59.054	-86.149
	117.000	-59.175	-86.319
	117.250	-59.303	-86.477
	117.500	-59.442	-86.603
	117.750	-59.581	-86.767
	118.000	-59.728	-86.910
	118.250	-59.857	-87.056
	118.500	-59.986	-87.224
	118.750	-60.139	-87.348
	119.000	-60.238	-87.526
	119.250	-60.409	-87.650
	119.500	-60.537	-87.788
	119.750	-60.672	-87.930
	120.000	-60.796	-88.074
	120.250	-60.946	-88.207
	120.500	-61.073	-88.353
	120.750	-61.228	-88.520
	121.000	-61.358	-88.613
	121.250	-61.506	-88.785
	121.500	-61.613	-88.901
	121.750	-61.765	-89.078
	122.000	-61.898	-89.215
	122.250	-62.007	-89.326
	122.500	-62.153	-89.481
	122.750	-62.294	-89.599
	123.000	-62.443	-89.774
	123.250	-62.556	-89.893
	123.500	-62.714	-90.019
	123.750	-62.858	-90.182
	124.000	-62.969	-90.289
	124.250	-63.112	-90.464
	124.500	-63.260	-90.543
	124.750	-63.402	-90.704
	125.000	-63.503	-90.824
	125.250	-63.681	-90.995
	125.500	-63.800	-91.106
	125.750	-63.939	-91.246
	126.000	-64.059	-91.380
	126.250	-64.210	-91.489
	126.500	-64.361	-91.657
	126.750	-64.462	-91.779
	127.000	-64.614	-91.899
	127.250	-64.752	-92.039
	127.500	-64.865	-92.174
	127.750	-65.031	-92.317
	128.000	-65.168	-92.437
	128.250	-65.290	-92.562
	128.500	-65.399	-92.693
	128.750	-65.567	-92.827
	129.000	-65.685	-92.976
	129.250	-65.814	-93.075
	129.500	-65.974	-93.252
	129.750	-66.083	-93.360
	130.000	-66.218	-93.507
	130.250	-66.373	-93.634
	130.500	-66.497	-93.784
	130.750	-66.637	-93.883
	131.000	-66.762	-94.053
	131.250	-66.885	-94.189
	131.500	-67.050	-94.294
	131.750	-67.124	-94.461
	132.000	-67.282	-94.540
	132.250	-67.439	-94.703
	132.500	-67.551	-94.815
	132.750	-67.664	-94.932
	133.000	-67.814	-95.102
	133.250	-67.960	-95.252
	133.500	-68.085	-95.372
	133.750	-68.239	-95.489
	134.000	-68.339	-95.619
	134.250	-68.488	-95.747
	134.500	-68.617	-95.887
	134.750	-68.770	-95.977
	135.000	-68.857	-96.131
	135.250	-69.021	-96.280
	135.500	-69.139	-96.419
	135.750	-69.277	-96.522
	136.000	-69.401	-96.658
	136.250	-69.548	-96.789
	136.500	-69.671	-96.918
	136.750	-69.848	-97.027
	137.000	-69.917	-97.153
	137.250	-70.091	-97.313
	137.500	-70.221	-97.422
	137.750	-70.342	-97.577
	138.000	-70.447	-97.673
	138.250	-70.588	-97.819
	138.500	-70.735	-97.969
	138.750	-70.845	-98.100
	139.000	-70.991	-98.227
	139.250	-71.109	-98.338
	139.500	-71.259	-98.497
	139.750	-71.400	-98.612
	140.000	-71.514	-98.740
	140.250	-71.613	-98.871
	140.500	-71.757	-98.988
	140.750	-71.923	-99.106
	141.000	-72.060	-99.266
	141.250	-72.162	-99.362
	141.500	-72.278	-99.504
	141.750	-72.455	-99.641
	142.000	-72.524	-99.767
	142.250	-72.695	-99.891
	142.500	-72.825	-100.010
	142.750	-72.919	-100.164
	143.000	-73.064	-100.274
	143.250	-73.176	-100.375
	143.500	-73.325	-100.537
	143.750	-73.459	-100.661
	144.000	-73.599	-100.790
	144.250	-73.708	-100.911
	144.500	-73.856	-101.045
	144.750	-73.975	-101.117
	145.000	-74.092	-101.294
	145.250	-74.245	-101.425
	145.500	-74.374	-101.520
	145.750	-74.519	-101.691
	146.000	-74.624	-101.786
	146.250	-74.735	-101.881
	146.500	-74.868	-102.043
	146.750	-75.002	-102.140
	147.000	-75.117	-102.280
	147.250	-75.262	-102.407
	147.500	-75.368	-102.530
	147.750	-75.498	-102.645
	148.000	-75.642	-102.747
	148.250	-75.767	-102.891
	148.500	-75.887	-102.969
	148.750	-76.024	-103.154
	149.000	-76.172	-103.239
	149.250	-76.274	-103.348
	149.500	-76.407	-103.476
	149.750	-76.507	-103.604
	150.000	-76.643	-103.707
	150.250	-76.764	-103.851
	150.500	-76.904	-103.946
	150.750	-77.017	-104.082
	151.000	-77.160	-104.168
	151.250	-77.285	-104.346
	151.500	-77.371	-104.440
	151.750	-77.535	-104.533
	152.000	-77.664	-104.668
	152.250	-77.795	-104.738
	152.500	-77.877	-104.893
	152.750	-78.014	-105.031
	153.000	-78.154	-105.134
	153.250	-78.289	-105.232
	153.500	-78.403	-105.368
	153.750	-78.521	-105.498
	154.000	-78.634	-105.600
	154.250	-78.790	-105.732
	154.500	-78.903	-105.835
	154.750	-79.035	-105.982
	155.000	-79.142	-106.108
	155.250	-79.296	-106.193
	155.500	-79.392	-106.328
	155.750	-79.518	-106.450
	156.000	-79.649	-106.508
	156.250	-79.756	-106.651
	156.500	-79.893	-106.768
	156.750	-80.040	-106.849
	157.000	-80.152	-106.988
	157.250	-80.287	-107.082
	157.500	-80.381	-107.170
	157.750	-80.533	-107.299
	158.000	-80.679	-107.396
	158.250	-80.776	-107.535
	158.500	-80.913	-107.589
	158.750	-80.990	-107.708
	159.000	-81.119	-107.823
	159.250	-81.272	-107.946
	159.500	-81.400	-108.097
	159.750	-81.503	-108.182
	160.000	-81.597	-108.293
	160.250	-81.743	-108.382
	160.500	-81.856	-108.498
	160.750	-81.980	-108.598
	161.000	-82.123	-108.734
	161.250	-82.225	-108.844
	161.500	-82.343	-108.943
	161.750	-82.484	-109.067
	162.000	-82.624	-109.164
	162.250	-82.703	-109.288
	162.500	-82.870	-109.412
	162.750	-82.938	-109.496
	163.000	-83.098	-109.644
	163.250	-83.184	-109.758
	163.500	-83.325	-109.889
	163.750	-83.442	-109.977
	164.000	-83.534	-110.070
	164.250	-83.665	-110.209
	164.500	-83.807	-110.308
	164.750	-83.924	-110.425
	165.000	-84.049	-110.559
	165.250	-84.159	-110.676
	165.500	-84.296	-110.814
	165.750	-84.401	-110.926
	166.000	-84.522	-111.016
	166.250	-84.622	-111.138
	166.500	-84.765	-111.248
	166.750	-84.900	-111.340
	167.000	-84.988	-111.461
	167.250	-85.136	-111.616
	167.500	-85.224	-111.704
	167.750	-85.368	-111.830
	168.000	-85.484	-111.937
	168.250	-85.601	-112.051
	168.500	-85.716	-112.179
	168.750	-85.848	-112.297
	169.000	-85.945	-112.407
	169.250	-86.051	-112.524
	169.500	-86.203	-112.640
	169.750	-86.310	-112.735
	170.000	-86.452	-112.839
	170.250	-86.557	-113.001
	170.500	-86.704	-113.102
	170.750	-86.799	-113.205
	171.000	-86.928	-113.320
	171.250	-87.048	-113.444
	171.500	-87.156	-113.515
	171.750	-87.278	-113.646
	172.000	-87.405	-113.758
	172.250	-87.549	-113.879
	172.500	-87.636	-113.995
	172.750	-87.767	-114.107
	173.000	-87.856	-114.204
	173.250	-87.985	-114.369
	173.500	-88.113	-114.414
	173.750	-88.227	-114.557
	174.000	-88.351	-114.695
	174.250	-88.444	-114.787
	174.500	-88.569	-114.855
	174.750	-88.700	-115.007
	175.000	-88.812	-115.114
	175.250	-88.941	-115.199
	175.500	-89.062	-115.305
	175.750	-89.171	-115.435
	176.000	-89.288	-115.543
	176.250	-89.398	-115.630
	176.500	-89.545	-115.743
	176.750	-89.665	-115.867
	177.000	-89.753	-115.986
	177.250	-89.899	-116.094
	177.500	-90.005	-116.224
	177.750	-90.131	-116.329
	178.000	-90.209	-116.438
	178.250	-90.384	-116.524
	178.500	-90.497	-116.645
	178.750	-90.588	-116.758
	179.000	-90.719	-116.868
	179.250	-90.829	-116.985
	179.500	-90.955	-117.054
	179.750	-91.068	-117.172
	180.000	-91.203	-117.285
	180.250	-91.302	-117.386
	180.500	-91.415	-117.529
	180.750	-91.559	-117.608
	181.000	-91.666	-117.720
	181.250	-91.777	-117.839
	181.500	-91.867	-117.923
	181.750	-92.030	-118.055
	182.000	-92.129	-118.161
	182.250	-92.254	-118.266
	182.500	-92.376	-118.395
	182.750	-92.468	-118.457
	183.000	-92.590	-118.600
	183.250	-92.723	-118.691
	183.500	-92.820	-118.840
	183.750	-92.968	-118.924
	184.000	-93.056	-119.049
	184.250	-93.192	-119.116
	184.500	-93.329	-119.254
	184.750	-93.420	-119.380
	185.000	-93.534	-119.451
	185.250	-93.644	-119.538
	185.500	-93.763	-119.686
	185.750	-93.861	-119.767
	186.000	-94.018	-119.877
	186.250	-94.104	-119.954
	186.500	-94.241	-120.079
	186.750	-94.352	-120.208
	187.000	-94.476	-120.337
	187.250	-94.591	-120.435
	187.500	-94.729	-120.496
	187.750	-94.799	-120.631
	188.000	-94.947	-120.747
	188.250	-95.071	-120.841
	188.500	-95.165	-120.963
	188.750	-95.260	-121.060
	189.000	-95.433	-121.133
	189.250	-95.542	-121.269
	189.500	-95.616	-121.345
	189.750	-95.749	-121.454
	190.000	-95.874	-121.593
	190.250	-95.979	-121.690
	190.500	-96.086	-121.789
	190.750	-96.206	-121.889
	191.000	-96.308	-121.997
	191.250	-96.433	-122.081
	191.500	-96.565	-122.161
	191.750	-96.658	-122.293
	192.000	-96.794	-122.400
	192.250	-96.885	-122.507
	192.500	-97.028	-122.606
	192.750	-97.144	-122.665
	193.000	-97.269	-122.811
	193.250	-97.394	-122.896
	193.500	-97.511	-122.995
	193.750	-97.609	-123.117
	194.000	-97.762	-123.204
	194.250	-97.831	-123.302
	194.500	-97.947	-123.436
	194.750	-98.072	-123.510
	195.000	-98.176	-123.634
	195.250	-98.286	-123.735
	195.500	-98.397	-123.811
	195.750	-98.507	-123.891
	196.000	-98.663	-124.057
	196.250	-98.740	-124.107
	196.500	-98.836	-124.232
	196.750	-98.996	-124.356
	197.000	-99.103	-124.459
	197.250	-99.229	-124.551
	197.500	-99.345	-124.633
	197.750	-99.468	-124.730
	198.000	-99.552	-124.818
	198.250	-99.683	-124.938
	198.500	-99.796	-125.040
	198.750	-99.917	-125.170
	199.000	-100.027	-125.203
	199.250	-100.161	-125.347
	199.500	-100.279	-125.394
	199.750	-100.363	-125.519
	200.000	-100.525	-125.629
	200.250	-100.604	-125.714
	200.500	-100.713	-125.824
	200.750	-100.837	-125.911
	201.000	-100.949	-126.070
	201.250	-101.067	-126.127
	201.500	-101.190	-126.239
	201.750	-101.290	-126.347
	202.000	-101.427	-126.423
	202.250	-101.539	-126.522
	202.500	-101.626	-126.628
	202.750	-101.734	-126.728
	203.000	-101.896	-126.829
	203.250	-101.983	-126.974
	203.500	-102.101	-127.031
	203.750	-102.217	-127.139
	204.000	-102.313	-127.246
	204.250	-102.432	-127.346
	204.500	-102.554	-127.432
	204.750	-102.676	-127.552
	205.000	-102.755	-127.623
	205.250	-102.908	-127.754
	205.500	-103.010	-127.832
	205.750	-103.111	-127.940
	206.000	-103.212	-128.032
	206.250	-103.340	-128.158
	206.500	-103.489	-128.242
	206.750	-103.603	-128.362
	207.000	-103.710	-128.458
	207.250	-103.777	-128.560
	207.500	-103.931	-128.695
	207.750	-104.064	-128.772
	208.000	-104.165	-128.852
	208.250	-104.278	-128.963
	208.500	-104.403	-129.080
	208.750	-104.513	-129.203
	209.000	-104.623	-129.279
	209.250	-104.743	-129.415
	209.500	-104.836	-129.485
	209.750	-104.940	-129.615
	210.000	-105.089	-129.711
	210.250	-105.211	-129.837
	210.500	-105.273	-129.907
	210.750	-105.424	-130.040
	211.000	-105.530	-130.122
	211.250	-105.644	-130.208
	211.500	-105.761	-130.299
	211.750	-105.885	-130.383
	212.000	-106.007	-130.494
	212.250	-106.091	-130.596
	212.500	-106.198	-130.710
	212.750	-106.348	-130.785
	213.000	-106.443	-130.936
	213.250	-106.598	-130.992
	213.500	-106.708	-131.119
	213.750	-106.795	-131.216
	214.000	-106.924	-131.309
	214.250	-107.047	-131.404
	214.500	-107.150	-131.489
	214.750	-107.278	-131.584
	215.000	-107.367	-131.673
	215.250	-107.489	-131.779
	215.500	-107.615	-131.856
	215.750	-107.750	-132.003
	216.000	-107.857	-132.076
	216.250	-107.941	-132.220
	216.500	-108.090	-132.290
	216.750	-108.197	-132.366
	217.000	-108.284	-132.475
	217.250	-108.416	-132.563
	217.500	-108.556	-132.665
	217.750	-108.622	-132.780
	218.000	-108.777	-132.891
	218.250	-108.884	-133.012
	218.500	-108.981	-133.078
	218.750	-109.128	-133.179
	219.000	-109.243	-133.260
	219.250	-109.330	-133.427
	219.500	-109.414	-133.532
	219.750	-109.531	-133.623
	220.000	-109.658	-133.724
	220.250	-109.789	-133.804
	220.500	-109.913	-133.971
	220.750	-110.021	-134.072
	221.000	-110.144	-134.116
	221.250	-110.255	-134.251
	221.500	-110.357	-134.341
	221.750	-110.493	-134.459
	222.000	-110.612	-134.552
	222.250	-110.721	-134.641
	222.500	-110.851	-134.775
	222.750	-110.968	-134.894
	223.000	-111.117	-134.974
	223.250	-111.160	-135.092
	223.500	-111.313	-135.166
	223.750	-111.385	-135.282
	224.000	-111.534	-135.375
	224.250	-111.655	-135.439
	224.500	-111.775	-135.561
	224.750	-111.914	-135.669
	225.000	-112.018	-135.758
	225.250	-112.135	-135.891
	225.500	-112.223	-135.976
	225.750	-112.349	-136.061
	226.000	-112.484	-136.194
	226.250	-112.599	-136.274
	226.500	-112.741	-136.367
	226.750	-112.817	-136.490
	227.000	-112.910	-136.553
	227.250	-113.087	-136.687
	227.500	-113.217	-136.789
	227.750	-113.314	-136.889
	228.000	-113.443	-136.988
	228.250	-113.553	-137.120
	228.500	-113.671	-137.174
	228.750	-113.816	-137.272
	229.000	-113.903	-137.367
	229.250	-114.023	-137.496
	229.500	-114.157	-137.555
	229.750	-114.237	-137.659
	230.000	-114.396	-137.785
	230.250	-114.526	-137.885
	230.500	-114.643	-138.007
	230.750	-114.768	-138.109
	231.000	-114.859	-138.219
	231.250	-114.992	-138.313
	231.500	-115.120	-138.380
	231.750	-115.248	-138.478
	232.000	-115.374	-138.606
	232.250	-115.498	-138.709
	232.500	-115.603	-138.838
	232.750	-115.749	-138.908
	233.000	-115.870	-139.011
	233.250	-116.003	-139.117
	233.500	-116.119	-139.194
	233.750	-116.253	-139.332
	234.000	-116.347	-139.421
	234.250	-116.487	-139.522
	234.500	-116.606	-139.600
	234.750	-116.705	-139.770
	235.000	-116.835	-139.824
	235.250	-116.989	-139.950
	235.500	-117.150	-140.042
	235.750	-117.250	-140.168
	236.000	-117.353	-140.248
	236.250	-117.543	-140.338
	236.500	-117.648	-140.469
	236.750	-117.776	-140.569
	237.000	-117.891	-140.657
	237.250	-117.991	-140.787
	237.500	-118.142	-140.888
	237.750	-118.272	-140.989
	238.000	-118.429	-141.075
	238.250	-118.545	-141.157
	238.500	-118.699	-141.269
	238.750	-118.817	-141.409
	239.000	-118.935	-141.528
	239.250	-119.086	-141.608
	239.500	-119.187	-141.719
	239.750	-119.343	-141.835
	240.000	-119.472	-141.917
	240.250	-119.614	-142.047
	240.500	-119.705	-142.144
	240.750	-119.885	-142.290
	241.000	-120.033	-142.398
	241.250	-120.172	-142.460
	241.500	-120.284	-142.607
	241.750	-120.403	-142.663
	242.000	-120.565	-142.802
	242.250	-120.699	-142.924
	242.500	-120.852	-143.023
	242.750	-120.970	-143.124
	243.000	-121.128	-143.265
	243.250	-121.275	-143.340
	243.500	-121.411	-143.475
	243.750	-121.551	-143.590
	244.000	-121.690	-143.706
	244.250	-121.834	-143.814
	244.500	-121.965	-143.910
	244.750	-122.121	-144.033
	245.000	-122.282	-144.139
	245.250	-122.440	-144.244
	245.500	-122.575	-144.372
	245.750	-122.706	-144.475
	246.000	-122.844	-144.547
	246.250	-123.019	-144.730
	246.500	-123.198	-144.822
	246.750	-123.331	-144.932
	247.000	-123.451	-145.063
	247.250	-123.659	-145.156
	247.500	-123.756	-145.293
	247.750	-123.915	-145.369
	248.000	-124.111	-145.497
	248.250	-124.278	-145.653
	248.500	-124.414	-145.744
	248.750	-124.611	-145.901
	249.000	-124.757	-146.043
	249.250	-124.900	-146.154
	249.500	-125.045	-146.304
	249.750	-125.233	-146.462
	250.000	-125.398	-146.590
	250.250	-125.567	-146.772
	250.500	-125.765	-146.959
	250.750	-125.945	-147.088
	251.000	-126.102	-147.313
	251.250	-126.309	-147.489
	251.500	-126.480	-147.701
	251.750	-126.640	-147.921
	252.000	-126.796	-148.127
	252.250	-127.003	-148.338
	252.500	-127.236	-148.545
	252.750	-127.411	-148.843
	253.000	-127.609	-149.109
	253.250	-127.790	-149.378
	253.500	-128.007	-149.651
	253.750	-128.177	-149.931
	254.000	-128.390	-150.238
	254.250	-128.615	-150.541
	254.500	-128.801	-150.839
	254.750	-129.033	-151.160
	255.000	-129.232	-151.514
	255.250	-129.479	-151.827
	255.500	-129.701	-152.179
	255.750	-129.938	-152.573
	256.000	-130.179	-152.922
	256.250	-130.402	-153.318
	256.500	-130.669	-153.713
	256.750	-130.890	-154.135
	257.000	-131.166	-154.563
	257.250	-131.434	-155.038
	257.500	-131.728	-155.467
	257.750	-131.962	-155.949
	258.000	-132.202	-156.480
	258.250	-132.495	-157.006
	258.500	-132.775	-157.523
	258.750	-133.072	-158.043
	259.000	-133.383	-158.629
	259.250	-133.635	-159.202
	259.500	-133.946	-159.761
	259.750	-134.282	-160.319
	260.000	-134.605	-160.947
	260.250	-134.909	-161.554
	260.500	-135.260	-162.109
	260.750	-135.573	-162.729
	261.000	-135.903	-163.322
	261.250	-136.239	-163.899
	261.500	-136.627	-164.530
	261.750	-136.934	-165.112
	262.000	-137.314	-165.723
	262.250	-137.708	-166.310
	262.500	-138.055	-166.898
	262.750	-138.433	-167.455
	263.000	-138.829	-168.034
	263.250	-139.179	-168.621
	263.500	-139.614	-169.167
	263.750	-140.014	-169.775
	264.000	-140.411	-170.256
	264.250	-140.795	-170.772
	264.500	-141.195	-171.302
	264.750	-141.657	-171.826
	265.000	-142.099	-172.315
	265.250	-142.505	-172.831
	265.500	-142.907	-173.282
	265.750	-143.334	-173.718
	266.000	-143.789	-174.204
	266.250	-144.249	-174.642
	266.500	-144.685	-175.041
	266.750	-145.122	-175.463
	267.000	-145.589	-175.858
	267.250	-146.052	-176.266
	267.500	-146.474	-176.670
	267.750	-146.940	-177.010
	268.000	-147.379	-177.418
	268.250	-147.871	-177.760
	268.500	-148.296	-178.105
	268.750	-148.802	-178.417
	269.000	-149.182	-178.738
	269.250	-149.654	-179.110
	269.500	-150.147	-179.400
	269.750	-150.625	-179.700
	270.000	-151.092	-179.974
	270.250	-151.546	-180.278
	270.500	-152.000	-180.548
	270.750	-152.402	-180.839
	271.000	-152.861	-181.081
	271.250	-153.299	-181.334
	271.500	-153.807	-181.628
	271.750	-154.237	-181.820
	272.000	-154.721	-182.122
	272.250	-155.139	-182.346
	272.500	-155.588	-182.535
	272.750	-156.008	-182.822
	273.000	-156.458	-182.988
	273.250	-156.889	-183.248
	273.500	-157.287	-183.456
	273.750	-157.778	-183.654
	274.000	-158.252	-183.858
	274.250	-158.649	-184.048
	274.500	-159.052	-184.274
	274.750	-159.475	-184.443
	275.000	-159.966	-184.647
	275.250	-160.373	-184.807
	275.500	-160.801	-185.029
	275.750	-161.195	-185.145
	276.000	-161.664	-185.351
	276.250	-162.035	-185.509
	276.500	-162.405	-185.661
	276.750	-162.828	-185.841
	277.000	-163.260	-185.962
	277.250	-163.652	-186.140
	277.500	-164.116	-186.312
	277.750	-164.466	-186.449
	278.000	-164.881	-186.604
	278.250	-165.277	-186.700
	278.500	-165.619	-186.889
	278.750	-166.027	-187.022
	279.000	-166.408	-187.161
	279.250	-166.855	-187.288
	279.500	-167.234	-187.420
	279.750	-167.596	-187.587
	280.000	-167.963	-187.719
	280.250	-168.346	-187.816
	280.500	-168.722	-187.957
	280.750	-169.074	-188.071
	281.000	-169.445	-188.172
	281.250	-169.817	-188.330
	281.500	-170.185	-188.436
	281.750	-170.581	-188.499
	282.000	-170.922	-188.668
	282.250	-171.263	-188.809
	282.500	-171.661	-188.912
	282.750	-171.923	-189.003
	283.000	-172.285	-189.116
	283.250	-172.634	-189.224
	283.500	-173.013	-189.339
	283.750	-173.322	-189.425
	284.000	-173.698	-189.518
	284.250	-174.021	-189.632
	284.500	-174.335	-189.738
	284.750	-174.660	-189.842
	285.000	-175.012	-189.906
	285.250	-175.325	-190.013
	285.500	-175.612	-190.128
	285.750	-175.931	-190.196
	286.000	-176.214	-190.300
	286.250	-176.620	-190.373
	286.500	-176.860	-190.479
	286.750	-177.186	-190.525
	287.000	-177.523	-190.645
	287.250	-177.787	-190.748
	287.500	-178.086	-190.854
	287.750	-178.381	-190.886
	288.000	-178.672	-190.983
	288.250	-178.932	-191.016
	288.500	-179.264	-191.127
	288.750	-179.508	-191.238
	289.000	-179.737	-191.268
	289.250	-180.020	-191.347
	289.500	-180.298	-191.474
	289.750	-180.598	-191.511
	290.000	-180.824	-191.656
	290.250	-181.123	-191.682
	290.500	-181.340	-191.761
	290.750	-181.609	-191.795
	291.000	-181.808	-191.868
	291.250	-182.020	-191.927
	291.500	-182.307	-192.017
	291.750	-182.537	-192.061
	292.000	-182.758	-192.154
	292.250	-183.052	-192.207
	292.500	-183.226	-192.263
	292.750	-183.467	-192.345
	293.000	-183.671	-192.363
	293.250	-183.888	-192.428
	293.500	-184.110	-192.493
	293.750	-184.307	-192.585
	294.000	-184.531	-192.634
	294.250	-184.717	-192.681
	294.500	-184.904	-192.715
	294.750	-185.109	-192.796
	295.000	-185.358	-192.855
	295.250	-185.594	-192.851
	295.500	-185.704	-192.958
	295.750	-185.900	-192.986
	296.000	-186.038	-193.075
	296.250	-186.267	-193.114
	296.500	-186.503	-193.170
	296.750	-186.644	-193.202
	297.000	-186.779	-193.260
	297.250	-186.927	-193.295
	297.500	-187.154	-193.327
	297.750	-187.256	-193.381
	298.000	-187.418	-193.435
	298.250	-187.600	-193.458
	298.500	-187.786	-193.503
	298.750	-187.911	-193.577
	299.000	-188.071	-193.604
	299.250	-188.227	-193.642
	299.500	-188.381	-193.691
	299.750	-188.532	-193.728
	300.000	-188.638	-193.717
	300.250	-188.829	-193.798
	300.500	-188.951	-193.829
	300.750	-189.077	-193.907
	301.000	-189.245	-193.910
	301.250	-189.314	-193.962
	301.500	-189.467	-193.960
	301.750	-189.572	-194.053
	302.000	-189.697	-194.041
	302.250	-189.790	-194.074
	302.500	-189.954	-194.125
	302.750	-190.096	-194.164
	303.000	-190.165	-194.172
	303.250	-190.302	-194.197
	303.500	-190.385	-194.259
	303.750	-190.558	-194.284
	304.000	-190.620	-194.314
	304.250	-190.735	-194.366
	304.500	-190.891	-194.399
	304.750	-190.946	-194.409
	305.000	-191.057	-194.433
	305.250	-191.119	-194.459
	305.500	-191.256	-194.501
	305.750	-191.319	-194.530
	306.000	-191.489	-194.534
	306.250	-191.527	-194.604
	306.500	-191.600	-194.599
	306.750	-191.722	-194.587
	307.000	-191.849	-194.660
	307.250	-191.886	-194.718
	307.500	-191.920	-194.714
	307.750	-192.063	-194.731
	308.000	-192.136	-194.728
	308.250	-192.173	-194.772
	308.500	-192.317	-194.796
	308.750	-192.376	-194.834
	309.000	-192.418	-194.839
	309.250	-192.492	-194.839
	309.500	-192.587	-194.888
	309.750	-192.666	-194.894
	310.000	-192.706	-194.956
	310.250	-192.768	-194.944
	310.500	-192.852	-194.971
	310.750	-192.954	-194.969
	311.000	-193.087	-194.977
	311.250	-193.057	-194.966
	311.500	-193.130	-195.025
	311.750	-193.144	-195.056
	312.000	-193.240	-195.080
	312.250	-193.340	-195.101
	312.500	-193.413	-195.122
	312.750	-193.457	-195.101
	313.000	-193.475	-195.165
	313.250	-193.572	-195.130
	313.500	-193.583	-195.185
	313.750	-193.687	-195.191
	314.000	-193.690	-195.236
	314.250	-193.762	-195.222
	314.500	-193.852	-195.282
	314.750	-193.887	-195.274
	315.000	-193.925	-195.256
	315.250	-194.021	-195.295
	315.500	-194.045	-195.313
	315.750	-194.070	-195.278
	316.000	-194.123	-195.316
	316.250	-194.190	-195.371
	316.500	-194.284	-195.387
	316.750	-194.272	-195.378
	317.000	-194.340	-195.378
	317.250	-194.390	-195.418
	317.500	-194.414	-195.418
	317.750	-194.406	-195.443
	318.000	-194.498	-195.435
	318.250	-194.571	-195.457
	318.500	-194.560	-195.466
	318.750	-194.637	-195.482
	319.000	-194.615	-195.495
	319.250	-194.732	-195.460
	319.500	-194.671	-195.502
	319.750	-194.755	-195.531
	320.000	-194.748	-195.533
	320.250	-194.773	-195.522
	320.500	-194.929	-195.525
	320.750	-194.887	-195.543
	321.000	-194.952	-195.565
	321.250	-194.924	-195.572
	321.500	-194.991	-195.611
	321.750	-195.030	-195.592
	322.000	-195.047	-195.604
	322.250	-195.083	-195.589
	322.500	-195.169	-195.612
	322.750	-195.174	-195.640
	323.000	-195.237	-195.629
	323.250	-195.208	-195.658
	323.500	-195.274	-195.673
	323.750	-195.323	-195.655
	324.000	-195.279	-195.712
	324.250	-195.360	-195.683
	324.500	-195.341	-195.673
	324.750	-195.380	-195.661
	325.000	-195.439	-195.723
	325.250	-195.390	-195.682
	325.500	-195.518	-195.705
	325.750	-195.437	-195.741
	326.000	-195.444	-195.751
	326.250	-195.555	-195.767
	326.500	-195.490	-195.720
	326.750	-195.577	-195.789
	327.000	-195.572	-195.791
	327.250	-195.666	-195.774
	327.500	-195.638	-195.764
	327.750	-195.604	-195.783
	328.000	-195.649	-195.825
	328.250	-195.647	-195.835
	328.500	-195.735	-195.781
	328.750	-195.672	-195.823
	329.000	-195.785	-195.828
	329.250	-195.735	-195.835
	329.500	-195.772	-195.846
	329.750	-195.795	-195.844
	330.000	-195.816	-195.863
	330.250	-195.845	-195.875
	330.500	-195.778	-195.853
	330.750	-195.818	-195.838
	331.000	-195.896	-195.870
	331.250	-195.874	-195.868
	331.500	-195.859	-195.871
	331.750	-195.971	-195.888
	332.000	-195.975	-195.888
	332.250	-195.942	-195.927
	332.500	-196.002	-195.923
	332.750	-196.023	-195.932
	333.000	-196.027	-195.941
	333.250	-196.048	-195.903
	333.500	-196.032	-195.948
	333.750	-196.023	-195.917
	334.000	-196.071	-195.920
	334.250	-196.064	-195.903
	334.500	-196.109	-195.911
	334.750	-196.095	-195.937
	335.000	-196.129	-195.911
	335.250	-196.147	-195.934
	335.500	-196.176	-195.955
	335.750	-196.111	-195.980
	336.000	-196.189	-195.928
	336.250	-196.202	-195.952
	336.500	-196.214	-195.969
	336.750	-196.232	-195.959
	337.000	-196.211	-195.970
	337.250	-196.197	-195.984
	337.500	-196.228	-195.963
	337.750	-196.253	-195.979
	338.000	-196.274	-195.946
	338.250	-196.289	-195.991
	338.500	-196.283	-195.988
	338.750	-196.311	-195.986
	339.000	-196.276	-196.001
	339.250	-196.344	-195.996
	339.500	-196.279	-196.001
	339.750	-196.351	-196.014
	340.000	-196.396	-195.978
	340.250	-196.327	-195.991
	340.500	-196.384	-195.998
	340.750	-196.345	-195.977
	341.000	-196.412	-196.001
	341.250	-196.438	-196.003
	341.500	-196.364	-196.038
	341.750	-196.392	-196.023
	342.000	-196.387	-196.048
	342.250	-196.420	-195.995
	342.500	-196.445	-195.981
	342.750	-196.427	-196.033
	343.000	-196.479	-196.062
	343.250	-196.438	-196.000
	343.500	-196.482	-196.053
	343.750	-196.483	-196.039
	344.000	-196.420	-196.065
	344.250	-196.494	-196.063
	344.500	-196.486	-196.060
	344.750	-196.531	-196.082
	345.000	-196.509	-196.023
	345.250	-196.502	-196.096
	345.500	-196.471	-196.043
	345.750	-196.549	-196.040
	346.000	-196.525	-195.982
	346.250	-196.511	-196.068
	346.500	-196.524	-196.041
	346.750	-196.611	-196.071
	347.000	-196.593	-196.025
	347.250	-196.577	-196.079
	347.500	-196.564	-196.073
	347.750	-196.513	-196.114
	348.000	-196.534	-196.069
	348.250	-196.549	-196.049
	348.500	-196.575	-196.030
	348.750	-196.507	-196.055
	349.000	-196.616	-196.051
	349.250	-196.618	-196.070
	349.500	-196.614	-196.122
	349.750	-196.632	-196.091
	350.000	-196.629	-196.106
	350.250	-196.646	-196.074
	350.500	-196.620	-196.106
	350.750	-196.640	-196.073
	351.000	-196.603	-196.079
	351.250	-196.633	-196.107
	351.500	-196.644	-196.093
	351.750	-196.633	-196.123
	352.000	-196.666	-196.080
	352.250	-196.689	-196.110
	352.500	-196.645	-196.105
	352.750	-196.600	-196.108
	353.000	-196.604	-196.148
	353.250	-196.637	-196.114
	353.500	-196.649	-196.109
	353.750	-196.675	-196.108
	354.000	-196.667	-196.105
	354.250	-196.668	-196.138
	354.500	-196.667	-196.111
	354.750	-196.661	-196.142
	355.000	-196.741	-196.068
	355.250	-196.715	-196.092
	355.500	-196.720	-196.103
	355.750	-196.680	-196.129
	356.000	-196.704	-196.117
	356.250	-196.747	-196.142
	356.500	-196.701	-196.120
	356.750	-196.668	-196.102
	357.000	-196.746	-196.114
	357.250	-196.684	-196.104
	357.500	-196.707	-196.078
	357.750	-196.697	-196.128
	358.000	-196.726	-196.113
	358.250	-196.749	-196.132
	358.500	-196.808	-196.124
	358.750	-196.751	-196.138
	359.000	-196.748	-196.114
	359.250	-196.722	-196.158
	359.500	-196.758	-196.128
	359.750	-196.693	-196.129
	360.000	-196.741	-196.109
	360.250	-196.726	-196.140
	360.500	-196.709	-196.081
	360.750	-196.771	-196.142
	361.000	-196.812	-196.138
	361.250	-196.773	-196.128
	361.500	-196.720	-196.120
	361.750	-196.713	-196.133
	362.000	-196.762	-196.129
	362.250	-196.764	-196.140
	362.500	-196.758	-196.117
	362.750	-196.735	-196.137
	363.000	-196.826	-196.141
	363.250	-196.808	-196.143
	363.500	-196.764	-196.103
	363.750	-196.737	-196.161
	364.000	-196.835	-196.134
	364.250	-196.769	-196.167
	364.500	-196.785	-196.151
	364.750	-196.764	-196.160
	365.000	-196.757	-196.132
	365.250	-196.795	-196.140
	365.500	-196.807	-196.174
	365.750	-196.767	-196.140
	366.000	-196.845	-196.133
	366.250	-196.816	-196.150
	366.500	-196.799	-196.129
	366.750	-196.824	-196.140
	367.000	-196.808	-196.143
	367.250	-196.801	-196.157
	367.500	-196.764	-196.159
	367.750	-196.773	-196.146
	368.000	-196.801	-196.145
	368.250	-196.811	-196.129
	368.500	-196.741	-196.132
	368.750	-196.840	-196.144
	369.000	-196.832	-196.162
	369.250	-196.796	-196.162
	369.500	-196.823	-196.157
	369.750	-196.842	-196.147
	370.000	-196.838	-196.138
	370.250	-196.791	-196.164
	370.500	-196.808	-196.165
	370.750	-196.828	-196.167
	371.000	-196.834	-196.146
	371.250	-196.785	-196.144
	371.500	-196.809	-196.174
	371.750	-196.795	-196.164
	372.000	-196.815	-196.175
	372.250	-196.838	-196.134
	372.500	-196.848	-196.194
	372.750	-196.824	-196.167
	373.000	-196.851	-196.146
	373.250	-196.791	-196.170
	373.500	-196.824	-196.179
	373.750	-196.802	-196.098
	374.000	-196.824	-196.182
	374.250	-196.829	-196.153
	374.500	-196.806	-196.178
	374.750	-196.829	-196.158
	375.000	-196.845	-196.136
	375.250	-196.799	-196.177
	375.500	-196.817	-196.163
	375.750	-196.824	-196.176
	376.000	-196.841	-196.163
	376.250	-196.827	-196.153
	376.500	-196.817	-196.166
	376.750	-196.849	-196.167
	377.000	-196.858	-196.141
	377.250	-196.805	-196.180
	377.500	-196.815	-196.183
	377.750	-196.835	-196.179
	378.000	-196.832	-196.151
	378.250	-196.834	-196.175
	378.500	-196.832	-196.152
	378.750	-196.808	-196.144
	379.000	-196.826	-196.189
	379.250	-196.881	-196.187
	379.500	-196.829	-196.151
	379.750	-196.858	-196.155
	380.000	-196.884	-196.134
	380.250	-196.874	-196.131
	380.500	-196.847	-196.182
	380.750	-196.838	-196.160
	381.000	-196.840	-196.185
	381.250	-196.815	-196.134
	381.500	-196.867	-196.165
	381.750	-196.850	-196.149
	382.000	-196.866	-196.206
	382.250	-196.848	-196.216
	382.500	-196.843	-196.191
	382.750	-196.843	-196.145
	383.000	-196.787	-196.203
	383.250	-196.825	-196.173
	383.500	-196.874	-196.154
	383.750	-196.870	-196.129
	384.000	-196.890	-196.148
	384.250	-196.891	-196.151
	384.500	-196.836	-196.141
	384.750	-196.889	-196.136
	385.000	-196.806	-196.171
	385.250	-196.898	-196.152
	385.500	-196.881	-196.195
	385.750	-196.846	-196.164
	386.000	-196.806	-196.176
	386.250	-196.892	-196.147
	386.500	-196.810	-196.155
	386.750	-196.868	-196.197
	387.000	-196.848	-196.179
	387.250	-196.885	-196.167
	387.500	-196.865	-196.193
	387.750	-196.860	-196.182
	388.000	-196.837	-196.158
	388.250	-196.911	-196.167
	388.500	-196.838	-196.170
	388.750	-196.832	-196.121
	389.000	-196.825	-196.179
	389.250	-196.897	-196.185
	389.500	-196.829	-196.158
	389.750	-196.825	-196.164
	390.000	-196.888	-196.202
	390.250	-196.888	-196.176
	390.500	-196.847	-196.176
	390.750	-196.825	-196.156
	391.000	-196.906	-196.189
	391.250	-196.874	-196.133
	391.500	-196.876	-196.181
	391.750	-196.832	-196.176
	392.000	-196.850	-196.154
	392.250	-196.913	-196.192
	392.500	-196.817	-196.177
	392.750	-196.854	-196.164
	393.000	-196.866	-196.163
	393.250	-196.897	-196.182
	393.500	-196.920	-196.199
	393.750	-196.851	-196.184
	394.000	-196.825	-196.185
	394.250	-196.842	-196.180
	394.500	-196.833	-196.157
	394.750	-196.851	-196.179
	395.000	-196.898	-196.149
	395.250	-196.875	-196.154
	395.500	-196.827	-196.167
	395.750	-196.905	-196.182
	396.000	-196.893	-196.173
	396.250	-196.851	-196.127
	396.500	-196.846	-196.158
	396.750	-196.846	-196.172
	397.000	-196.857	-196.158
	397.250	-196.875	-196.195
	397.500	-196.880	-196.174
	397.750	-196.866	-196.166
	398.000	-196.849	-196.168
	398.250	-196.881	-196.153
	398.500	-196.856	-196.174
	398.750	-196.899	-196.154
	399.000	-196.898	-196.144
	399.250	-196.896	-196.163
	399.500	-196.849	-196.171
	399.750	-196.886	-196.181
	400.000	-196.860	-196.171
	400.250	-196.887	-196.173
	400.500	-196.809	-196.224
	400.750	-196.911	-196.149
	401.000	-196.822	-196.169
	401.250	-196.851	-196.175
	401.500	-196.867	-196.169
	401.750	-196.910	-196.179
	402.000	-196.833	-196.176
	402.250	-196.909	-196.170
	402.500	-196.879	-196.169
	402.750	-196.876	-196.159
	403.000	-196.883	-196.195
	403.250	-196.906	-196.190
	403.500	-196.844	-196.154
	403.750	-196.862	-196.169
	404.000	-196.835	-196.145
	404.250	-196.878	-196.164
	404.500	-196.873	-196.150
	404.750	-196.843	-196.181
	405.000	-196.870	-196.191
	405.250	-196.885	-196.185
	405.500	-196.886	-196.176
	405.750	-196.858	-196.137
	406.000	-196.803	-196.177
	406.250	-196.899	-196.154
	406.500	-196.918	-196.158
	406.750	-196.853	-196.194
	407.000	-196.859	-196.154
	407.250	-196.818	-196.176
	407.500	-196.886	-196.185
	407.750	-196.844	-196.144
	408.000	-196.829	-196.177
	408.250	-196.859	-196.172
	408.500	-196.878	-196.203
	408.750	-196.861	-196.178
	409.000	-196.865	-196.185
	409.250	-196.868	-196.179
	409.500	-196.877	-196.194
	409.750	-196.844	-196.162
	410.000	-196.833	-196.155
	410.250	-196.856	-196.182
	410.500	-196.812	-196.178
	410.750	-196.869	-196.161
	411.000	-196.858	-196.161
	411.250	-196.815	-196.155
	411.500	-196.837	-196.198
	411.750	-196.835	-196.160
	412.000	-196.864	-196.204
	412.250	-196.886	-196.152
