# 3D truss verification problem 1
#
# number of joints, bar, reactions, loads
14  36  6  1
#
#
# coordinates of joints
1   0.0   0.0   0.0
2   7.0   0.0   0.0
3   0.0   4.5   7.79
4   7.0   4.5   7.79
5   7.0   9.0  0.0
6   0.0   9.0   0.0
7   7.0   13.5  7.79
8   0.0   13.5  7.79
9   7.0   18.0  0.0
10   0.0   18.0  0.0
11   7.0   22.5  7.79
12   0.0   22.5  7.79
13   7.0   27.0  0.0
14   0.0   27.0  0.0
#
# connectivity of bars
1   1   2
2   1   3
3   1   5
4   2   3
5   2   4
6   3   4
7   3   6
8   4   5
9   4   8
10  5   6
11  5   7
12  5   10
13  6   8
14  7   8
15  7   9
16  8   11
17  8   10
18  9   10
19  9   11
20  10  13
21  10  12
22  11  12
23  11  13
24  11  14
25  12  14
26  13  14
27  4   7
28  7   11
29  3   8
30  8   12
31  1   6
32  6   10
33  10  14
34  2   5
35  5   9
36  9   13
#
# reaction forces
01   0.0   1.0   0.0
01   1.0   0.0   0.0
01   0.0   0.0   1.0
13   1.0   0.0   0.0
13   0.0   0.0   1.0
14   0.0   0.0   1.0
#
# external loads
7  0 0 -.222
#
# end of file