# 3D truss verification problem 1
#
# number of joints, bar, reactions, loads
10  24  6  10
#
# coordinates of joints
1   0.0   0.0   0.0
2   9.0   0.0   0.0
3   4.5   6.5   7.123
4   0.0   13.0  0.0
5   9.0   13.0  0.0
6   4.5   19.5  7.123
7   0.0   26.0  0.0
8   9.0   26.0  0.0
9   4.5   32.5  7.123
10  4.5   50.59 0.0
#
# connectivity of bars
1   1   2
2   1   3
3   1   4
4   2   3
5   2   5
6   3   4
7   3   5
8   3   6
9   4   5
10  4   6
11  4   7
12  5   6
13  5   8
14  6   7
15  6   8
16  6   9
17  7   8
18  7   9
19  7   10
20  8   9
21  8   10
22  9   10
23  1   5
24  4   8
#
# reaction forces
1   1.0   -0.1   0.0
1   0.0   0.0   1.0
2   1.0   0.1   0.0
2   0.0   0.0   1.0
10  1.0   0.1   0.0
10  0.0   0.0   1.0
#
# external loads
1.0000         0         0   -0.4225
2.0000         0         0   -0.3151
3.0000         0         0   -0.5159
4.0000         0         0   -0.6245
5.0000         0         0   -0.6245
6.0000         0         0   -0.6188
7.0000         0         0   -0.5364
8.0000         0         0   -0.6437
9.0000         0         0   -0.4310
10.0000         0         0   -0.3742
#
# end of file