# 3D 4 Point Truss Design
#
# number of joints, bar, reactions, loads
11  27  8  11
#
# coordinates of joints
1  0.0   0.0   0.0
2  7.0   0.0   0.0
3  3.5   4.5   6.96
4  0.0   9.0   0.0
5  7.0   9.0   0.0
6  3.5   13.5  6.96
7  0.0   18.0  0.0
8  7.0   18.0  0.0
9  3.5   22.5  6.96
10  0.0   27.0  0.0
11  7.0   27.0  0.0
#
# connectivity of bars
01  1   2
02  1   3
03  1   4
04  2   5
05  2   4
06  2   3
07  3   4
08  3   5
09  3   6
10  4   5
11  4   7
12  4   6
13  4   8
14  5   6
15  5   8
16  6   8
17  6   7
18  6   9
19  7   8
20  7   9
21  7   10
22  8   10
23  8   9
24  8   11
25  9   11
26  9   10
27  10  11
#
# reaction forces
01   0.0   0.0   1.0
02   0.0   0.0   1.0
10   1.0   0.0   0.0
10   0.0   1.0   0.0
10   0.0   0.0   1.0
11   0.0   1.0   0.0
11   0.0   0.0   1.0
11   1.0   0.0   0.0
#
# external loads
 1.0000         0         0    -0.3029
 2.0000         0         0    -0.4032
 3.0000         0         0    -0.4989
 4.0000         0         0    -0.7928
 5.0000         0         0    -0.4957
 6.0000         0         0    -0.5954
 7.0000         0         0    -0.5922
 8.0000         0         0    -0.6963
 9.0000         0         0    -0.4989
 10.0000         0         0    -0.4032
 11.0000         0         0    -0.3029
#
# end of file